[
  {
    "frame_id": "000000",
    "object_name": "object_001",
    "label": "빨강 아치",
    "coordinate_frame": "base (= cam0)",
    "unit": "meter",
    "position_m": [
      -0.0170536290084905,
      0.05411594325579359,
      0.40791101086185894
    ],
    "quaternion_xyzw": [
      -0.6489703297329296,
      -0.006163864708809964,
      -0.037842075103588974,
      0.7598470209522693
    ],
    "euler_xyz_deg": [
      -80.91675837852229,
      -3.352797028636632,
      -2.84263169026573
    ],
    "T_base_obj": [
      [
        0.9970599682468735,
        0.06550870669228627,
        0.03974957944234516,
        -0.0170536290084905
      ],
      [
        -0.049508045443325654,
        0.15481097695618148,
        0.9867028503284622,
        0.05411594325579359
      ],
      [
        0.05848395638940867,
        -0.985769836604034,
        0.1575990357960528,
        0.40791101086185894
      ],
      [
        0.0,
        0.0,
        0.0,
        1.0
      ]
    ],
    "rotation_matrix": [
      [
        0.9970599682468735,
        0.06550870669228627,
        0.03974957944234516
      ],
      [
        -0.049508045443325654,
        0.15481097695618148,
        0.9867028503284622
      ],
      [
        0.05848395638940867,
        -0.985769836604034,
        0.1575990357960528
      ]
    ],
    "scale": 0.545861913297853,
    "anisotropic_scale_xyz": [
      0.709620487287209,
      0.709620487287209,
      0.5025364463962778
    ],
    "real_size_m": {
      "x": 0.08628587264309215,
      "y": 0.028172614385351416,
      "z": 0.0371879905526141
    },
    "confidence": 0.32523911929260185,
    "fitness": 0.3795,
    "rmse": 0.002635678396641614,
    "depth_score": 0.5918977705274606,
    "coverage": 0.6307448979591836,
    "silhouette_score": 0.32523911929260185,
    "posed_glb_opencv": "/Users/woo/Documents/GitHub/Robot-Lab/rb-multiview-calibration-pose-estimation/src/output/pose_per_object/frame_000000/object_001_posed.glb",
    "posed_glb_isaac": "/Users/woo/Documents/GitHub/Robot-Lab/rb-multiview-calibration-pose-estimation/src/output/pose_per_object/frame_000000/object_001_posed_isaac.glb"
  },
  {
    "frame_id": "000000",
    "object_name": "object_002",
    "label": "노랑 실린더",
    "coordinate_frame": "base (= cam0)",
    "unit": "meter",
    "position_m": [
      -0.058193923371633476,
      0.010081088987699731,
      0.6361905920039235
    ],
    "quaternion_xyzw": [
      0.370885326238465,
      0.664261689907804,
      -0.5789322708580558,
      0.293322191218037
    ],
    "euler_xyz_deg": [
      -105.9467503903432,
      54.99683482825459,
      164.51982452164435
    ],
    "T_base_obj": [
      [
        -0.5528123338386852,
        0.832357191647893,
        -0.03974957944234515,
        -0.058193923371633476
      ],
      [
        0.15310246262822955,
        0.05456300108029998,
        -0.9867028503284621,
        0.010081088987699731
      ],
      [
        -0.8191203571448827,
        -0.5515472639991814,
        -0.1575990357960528,
        0.6361905920039235
      ],
      [
        0.0,
        0.0,
        0.0,
        1.0
      ]
    ],
    "rotation_matrix": [
      [
        -0.5528123338386852,
        0.832357191647893,
        -0.03974957944234515
      ],
      [
        0.15310246262822955,
        0.05456300108029998,
        -0.9867028503284621
      ],
      [
        -0.8191203571448827,
        -0.5515472639991814,
        -0.1575990357960528
      ]
    ],
    "scale": 0.3758703864289398,
    "anisotropic_scale_xyz": [
      0.3329367522149214,
      0.3329367522149214,
      0.4253910947982019
    ],
    "real_size_m": {
      "x": 0.023692841036593807,
      "y": 0.023655047550793763,
      "z": 0.051992644868432955
    },
    "confidence": 0.6201619244762542,
    "fitness": 0.43566666666666665,
    "rmse": 0.002074042873020884,
    "depth_score": 0.38662022579870287,
    "coverage": 0.69875,
    "silhouette_score": 0.6201619244762542,
    "posed_glb_opencv": "/Users/woo/Documents/GitHub/Robot-Lab/rb-multiview-calibration-pose-estimation/src/output/pose_per_object/frame_000000/object_002_posed.glb",
    "posed_glb_isaac": "/Users/woo/Documents/GitHub/Robot-Lab/rb-multiview-calibration-pose-estimation/src/output/pose_per_object/frame_000000/object_002_posed_isaac.glb"
  },
  {
    "frame_id": "000000",
    "object_name": "object_003",
    "label": "곤색 직사각형",
    "coordinate_frame": "base (= cam0)",
    "unit": "meter",
    "position_m": [
      -0.16780505152066627,
      0.04835321024570748,
      0.5082048821037193
    ],
    "quaternion_xyzw": [
      -0.2828726231995881,
      -0.07015192190076296,
      0.9556853583734563,
      0.041560590568609265
    ],
    "euler_xyz_deg": [
      -10.749676957176694,
      32.33328760336053,
      171.8951273193146
    ],
    "T_base_obj": [
      [
        -0.8365115927110911,
        -0.03974957944234514,
        -0.5465055591590443,
        -0.16780505152066627
      ],
      [
        0.119125812124712,
        -0.9867028503284618,
        -0.11057362269276681,
        0.04835321024570748
      ],
      [
        -0.5348433379460127,
        -0.15759903579605275,
        0.8301235737944112,
        0.5082048821037193
      ],
      [
        0.0,
        0.0,
        0.0,
        1.0
      ]
    ],
    "rotation_matrix": [
      [
        -0.8365115927110911,
        -0.03974957944234514,
        -0.5465055591590443
      ],
      [
        0.119125812124712,
        -0.9867028503284618,
        -0.11057362269276681
      ],
      [
        -0.5348433379460127,
        -0.15759903579605275,
        0.8301235737944112
      ]
    ],
    "scale": 0.4438353703155072,
    "anisotropic_scale_xyz": [
      0.5769859814101593,
      0.5075847382209795,
      0.353944789295289
    ],
    "real_size_m": {
      "x": 0.07045646323114306,
      "y": 0.027521848924332487,
      "z": 0.008299496055548262
    },
    "confidence": 0.5320708033140372,
    "fitness": 0.4141666666666667,
    "rmse": 0.0021205016057332248,
    "depth_score": 0.5436281268465629,
    "coverage": 0.6292083862770013,
    "silhouette_score": 0.5320708033140372,
    "posed_glb_opencv": "/Users/woo/Documents/GitHub/Robot-Lab/rb-multiview-calibration-pose-estimation/src/output/pose_per_object/frame_000000/object_003_posed.glb",
    "posed_glb_isaac": "/Users/woo/Documents/GitHub/Robot-Lab/rb-multiview-calibration-pose-estimation/src/output/pose_per_object/frame_000000/object_003_posed_isaac.glb"
  },
  {
    "frame_id": "000000",
    "object_name": "object_004",
    "label": "민트 실린더",
    "coordinate_frame": "base (= cam0)",
    "unit": "meter",
    "position_m": [
      0.02144950183414716,
      0.019834447079827098,
      0.5751680808463182
    ],
    "quaternion_xyzw": [
      0.7450206171698267,
      0.15852967109616561,
      -0.135709652657504,
      0.633557821788676
    ],
    "euler_xyz_deg": [
      100.0927477649863,
      23.771392083780356,
      4.026203778148869
    ],
    "T_base_obj": [
      [
        0.9129024671154421,
        0.4081755706663619,
        -0.0013375521404690792,
        0.02144950183414716
      ],
      [
        0.06425592293281782,
        -0.14694565966505968,
        -0.9870552920042788,
        0.019834447079827098
      ],
      [
        -0.4030884045747166,
        0.9009992656028029,
        -0.1603747532519359,
        0.5751680808463182
      ],
      [
        0.0,
        0.0,
        0.0,
        1.0
      ]
    ],
    "rotation_matrix": [
      [
        0.9129024671154421,
        0.4081755706663619,
        -0.0013375521404690792
      ],
      [
        0.06425592293281782,
        -0.14694565966505968,
        -0.9870552920042788
      ],
      [
        -0.4030884045747166,
        0.9009992656028029,
        -0.1603747532519359
      ]
    ],
    "scale": 0.35686867621847346,
    "anisotropic_scale_xyz": [
      0.34951966038811966,
      0.34951966038811966,
      0.42565075231347266
    ],
    "real_size_m": {
      "x": 0.023574552096223632,
      "y": 0.023847872672049075,
      "z": 0.05203072040807444
    },
    "confidence": 0.510710054178947,
    "fitness": 0.42133333333333334,
    "rmse": 0.0021359726230038363,
    "depth_score": 0.430173425479202,
    "coverage": 0.6404984076433121,
    "silhouette_score": 0.510710054178947,
    "posed_glb_opencv": "/Users/woo/Documents/GitHub/Robot-Lab/rb-multiview-calibration-pose-estimation/src/output/pose_per_object/frame_000000/object_004_posed.glb",
    "posed_glb_isaac": "/Users/woo/Documents/GitHub/Robot-Lab/rb-multiview-calibration-pose-estimation/src/output/pose_per_object/frame_000000/object_004_posed_isaac.glb"
  }
]