{
  "estimates": [
    {
      "track_id": 0,
      "label": "object_001",
      "source": "refined_silhouette",
      "score": 0.38037914871196377,
      "T_base_obj": [
        [
          -0.4866241048978058,
          -0.027522528911665713,
          0.873177811749101,
          -0.012115919348978996
        ],
        [
          0.14318303104053734,
          0.9834749677760066,
          0.11079534002037078,
          0.051932219702322445
        ],
        [
          -0.8617978882271516,
          0.17893992888757262,
          -0.4746418667727256,
          0.4095954015748861
        ],
        [
          0.0,
          0.0,
          0.0,
          1.0
        ]
      ],
      "cams": [
        1,
        2
      ]
    },
    {
      "track_id": 1,
      "label": "object_002",
      "source": "refined_silhouette",
      "score": 0.5010274375768884,
      "T_base_obj": [
        [
          -0.02076134154675879,
          0.47108083013237756,
          0.8818456884149474,
          -0.22805212299254404
        ],
        [
          -0.9902376261439491,
          0.11191240151132834,
          -0.08309667954144066,
          0.044484916932775946
        ],
        [
          -0.13783472153262213,
          -0.8749619796678872,
          0.4641585113639124,
          0.41900754045809896
        ],
        [
          0.0,
          0.0,
          0.0,
          1.0
        ]
      ],
      "cams": [
        1,
        2
      ]
    },
    {
      "track_id": 2,
      "label": "object_003",
      "source": "refined_silhouette",
      "score": 0.2810467861831677,
      "T_base_obj": [
        [
          -0.5603242350585113,
          -0.8177548948749855,
          -0.13158147099669884,
          -0.06774933867662285
        ],
        [
          0.0025494366460200035,
          -0.16056440411090475,
          0.9870220729524819,
          0.04654805433654206
        ],
        [
          -0.8282694319950349,
          0.5527169293906381,
          0.09205294120738688,
          0.6179889557837075
        ],
        [
          0.0,
          0.0,
          0.0,
          1.0
        ]
      ],
      "cams": [
        0,
        2
      ]
    },
    {
      "track_id": 3,
      "label": "object_004",
      "source": "refined_silhouette",
      "score": 0.33217308309495097,
      "T_base_obj": [
        [
          -0.20298646212410842,
          -0.45345696755082354,
          -0.8678555610070846,
          0.04122867986937538
        ],
        [
          0.968062135072601,
          0.04025498352627607,
          -0.2474575497620949,
          0.034579851982629695
        ],
        [
          0.1471468614242775,
          -0.8903686398764851,
          0.4308033034845805,
          0.5375108447101372
        ],
        [
          0.0,
          0.0,
          0.0,
          1.0
        ]
      ],
      "cams": [
        1,
        2
      ]
    }
  ]
}