[
  {
    "frame_id": "000000",
    "object_name": "object_001",
    "label": "빨강 아치",
    "coordinate_frame": "base (= cam0)",
    "unit": "meter",
    "position_m": [
      -0.018178700837234007,
      0.0462282471710697,
      0.41737448473678934
    ],
    "quaternion_xyzw": [
      -0.6324764566152615,
      -0.0638892019482886,
      -0.09510181464486428,
      0.7660596233669204
    ],
    "euler_xyz_deg": [
      -78.6665832471563,
      -12.602463004387891,
      -3.8125505684121923
    ],
    "T_base_obj": [
      [
        0.9737476294513296,
        0.22652415274517174,
        0.022413441525092136,
        -0.018178700837234007
      ],
      [
        -0.06489048848824994,
        0.1818583533573142,
        0.981181310369252,
        0.0462282471710697
      ],
      [
        0.21818519345196846,
        -0.9568773942032746,
        0.191783403403628,
        0.41737448473678934
      ],
      [
        0.0,
        0.0,
        0.0,
        1.0
      ]
    ],
    "rotation_matrix": [
      [
        0.9737476294513296,
        0.22652415274517174,
        0.022413441525092136
      ],
      [
        -0.06489048848824994,
        0.1818583533573142,
        0.981181310369252
      ],
      [
        0.21818519345196846,
        -0.9568773942032746,
        0.191783403403628
      ]
    ],
    "scale": 0.7079629934508734,
    "anisotropic_scale_xyz": [
      0.7340028542881453,
      0.8081585831468898,
      0.7079629934508734
    ],
    "real_size_m": {
      "x": 0.08924426405292478,
      "y": 0.03208631867384798,
      "z": 0.05238099725795479
    },
    "confidence": 0.5099457168710573,
    "fitness": 0.38466666666666666,
    "rmse": 0.002662805238624272,
    "depth_score": 0.6008980454305335,
    "coverage": 0.6298728847703465,
    "silhouette_score": 0.20749557083768025,
    "posed_glb_opencv": "/Users/woo/Documents/GitHub/Robot-Lab/rb-multiview-calibration-pose-estimation/src/output/pose_per_object/frame_000000/object_001_posed.glb",
    "posed_glb_isaac": "/Users/woo/Documents/GitHub/Robot-Lab/rb-multiview-calibration-pose-estimation/src/output/pose_per_object/frame_000000/object_001_posed_isaac.glb"
  },
  {
    "frame_id": "000000",
    "object_name": "object_002",
    "label": "노랑 실린더",
    "coordinate_frame": "base (= cam0)",
    "unit": "meter",
    "position_m": [
      -0.06513224119880455,
      0.012087120721386171,
      0.6342161375330047
    ],
    "quaternion_xyzw": [
      -0.661959424220718,
      0.10065810945359814,
      0.09442380808918138,
      0.736723700007364
    ],
    "euler_xyz_deg": [
      -83.83185136141451,
      15.862153760484881,
      0.3493647533642744
    ],
    "T_base_obj": [
      [
        0.9619041789343297,
        -0.27239168288259363,
        0.02330497039391793,
        -0.06513224119880455
      ],
      [
        0.005865346174394292,
        0.105787730302626,
        0.994371436552596,
        0.012087120721386171
      ],
      [
        -0.27332388893568627,
        -0.9563533485139304,
        0.10335533137320603,
        0.6342161375330047
      ],
      [
        0.0,
        0.0,
        0.0,
        1.0
      ]
    ],
    "rotation_matrix": [
      [
        0.9619041789343297,
        -0.27239168288259363,
        0.02330497039391793
      ],
      [
        0.005865346174394292,
        0.105787730302626,
        0.994371436552596
      ],
      [
        -0.27332388893568627,
        -0.9563533485139304,
        0.10335533137320603
      ]
    ],
    "scale": 0.4249155332565675,
    "anisotropic_scale_xyz": [
      0.32032835628708195,
      0.32032835628708195,
      0.4416030065947613
    ],
    "real_size_m": {
      "x": 0.02278661011282762,
      "y": 0.022770916749144245,
      "z": 0.05398040516372339
    },
    "confidence": 0.5888252346743748,
    "fitness": 0.42766666666666664,
    "rmse": 0.001941921076403607,
    "depth_score": 0.46958855098389984,
    "coverage": 0.692523492286115,
    "silhouette_score": 0.4489637792702794,
    "posed_glb_opencv": "/Users/woo/Documents/GitHub/Robot-Lab/rb-multiview-calibration-pose-estimation/src/output/pose_per_object/frame_000000/object_002_posed.glb",
    "posed_glb_isaac": "/Users/woo/Documents/GitHub/Robot-Lab/rb-multiview-calibration-pose-estimation/src/output/pose_per_object/frame_000000/object_002_posed_isaac.glb"
  },
  {
    "frame_id": "000000",
    "object_name": "object_003",
    "label": "곤색 직사각형",
    "coordinate_frame": "base (= cam0)",
    "unit": "meter",
    "position_m": [
      -0.1686676021329449,
      0.04246445854836688,
      0.5107996427252481
    ],
    "quaternion_xyzw": [
      0.044222861432915955,
      0.9503190789587832,
      0.024966093549009173,
      0.3071069534649405
    ],
    "euler_xyz_deg": [
      174.73780658204302,
      35.5554836385405,
      172.983038897863
    ],
    "T_base_obj": [
      [
        -0.8074593153203363,
        0.06871713603218736,
        0.5859073385083586,
        -0.1686676021329449
      ],
      [
        0.09938617975121501,
        0.9948420653991744,
        0.020289213557056374,
        0.04246445854836688
      ],
      [
        -0.5814910501262022,
        0.07461380654971651,
        -0.8101240266127699,
        0.5107996427252481
      ],
      [
        0.0,
        0.0,
        0.0,
        1.0
      ]
    ],
    "rotation_matrix": [
      [
        -0.8074593153203363,
        0.06871713603218736,
        0.5859073385083586
      ],
      [
        0.09938617975121501,
        0.9948420653991744,
        0.020289213557056374
      ],
      [
        -0.5814910501262022,
        0.07461380654971651,
        -0.8101240266127699
      ]
    ],
    "scale": 0.5896720433883974,
    "anisotropic_scale_xyz": [
      0.7316718890279027,
      0.4783384612514432,
      0.5896720433883974
    ],
    "real_size_m": {
      "x": 0.08935019411158424,
      "y": 0.025929721708705,
      "z": 0.013829223525700016
    },
    "confidence": 0.5475666950970015,
    "fitness": 0.4036666666666667,
    "rmse": 0.002141714463904836,
    "depth_score": 0.8135277691591685,
    "coverage": 0.6165348101265823,
    "silhouette_score": 0.19018233683234684,
    "posed_glb_opencv": "/Users/woo/Documents/GitHub/Robot-Lab/rb-multiview-calibration-pose-estimation/src/output/pose_per_object/frame_000000/object_003_posed.glb",
    "posed_glb_isaac": "/Users/woo/Documents/GitHub/Robot-Lab/rb-multiview-calibration-pose-estimation/src/output/pose_per_object/frame_000000/object_003_posed_isaac.glb"
  },
  {
    "frame_id": "000000",
    "object_name": "object_004",
    "label": "민트 실린더",
    "coordinate_frame": "base (= cam0)",
    "unit": "meter",
    "position_m": [
      0.015340762103431844,
      0.01643696067624948,
      0.5685357899085675
    ],
    "quaternion_xyzw": [
      -0.6159414909634945,
      -0.1793938163806377,
      -0.22694702502362765,
      0.7327543832601633
    ],
    "euler_xyz_deg": [
      -77.84605757536255,
      -32.852308781071585,
      -7.634117356843035
    ],
    "T_base_obj": [
      [
        0.8326258129546303,
        0.553585044170077,
        0.016668967360203294,
        0.015340762103431844
      ],
      [
        -0.11160066524559159,
        0.13822225508518454,
        0.9840934405410432,
        0.01643696067624948
      ],
      [
        0.542475388490928,
        -0.8212418688001606,
        0.1768678767081146,
        0.5685357899085675
      ],
      [
        0.0,
        0.0,
        0.0,
        1.0
      ]
    ],
    "rotation_matrix": [
      [
        0.8326258129546303,
        0.553585044170077,
        0.016668967360203294
      ],
      [
        -0.11160066524559159,
        0.13822225508518454,
        0.9840934405410432
      ],
      [
        0.542475388490928,
        -0.8212418688001606,
        0.1768678767081146
      ]
    ],
    "scale": 0.42692629881660377,
    "anisotropic_scale_xyz": [
      0.3533744217810039,
      0.3533744217810039,
      0.4404445361126571
    ],
    "real_size_m": {
      "x": 0.023829293638500636,
      "y": 0.02411988755335839,
      "z": 0.053842030919144544
    },
    "confidence": 0.5724084568722664,
    "fitness": 0.4025,
    "rmse": 0.0020760588071207058,
    "depth_score": 0.4259098786828423,
    "coverage": 0.6865662557781202,
    "silhouette_score": 0.4088604289095516,
    "posed_glb_opencv": "/Users/woo/Documents/GitHub/Robot-Lab/rb-multiview-calibration-pose-estimation/src/output/pose_per_object/frame_000000/object_004_posed.glb",
    "posed_glb_isaac": "/Users/woo/Documents/GitHub/Robot-Lab/rb-multiview-calibration-pose-estimation/src/output/pose_per_object/frame_000000/object_004_posed_isaac.glb"
  }
]