[
  {
    "frame_id": "000000",
    "object_name": "object_001",
    "label": "빨강 아치",
    "coordinate_frame": "base (= cam0)",
    "unit": "meter",
    "position_m": [
      -0.01810091617037896,
      0.04532673461877446,
      0.41719022851951526
    ],
    "quaternion_xyzw": [
      -0.6401946354056458,
      -0.06663833064082283,
      -0.09012816180536443,
      0.7599914974108742
    ],
    "euler_xyz_deg": [
      -79.8868750107701,
      -12.514592721086503,
      -3.0339565833372544
    ],
    "T_base_obj": [
      [
        0.9748724946779806,
        0.22231627687598177,
        0.01411000199617287,
        -0.01810091617037896
      ],
      [
        -0.05167026972141203,
        0.16405548649483676,
        0.9850969396855617,
        0.04532673461877446
      ],
      [
        0.21668826075089237,
        -0.9610729786998194,
        0.1714203233744734,
        0.41719022851951526
      ],
      [
        0.0,
        0.0,
        0.0,
        1.0
      ]
    ],
    "rotation_matrix": [
      [
        0.9748724946779806,
        0.22231627687598177,
        0.01411000199617287
      ],
      [
        -0.05167026972141203,
        0.16405548649483676,
        0.9850969396855617
      ],
      [
        0.21668826075089237,
        -0.9610729786998194,
        0.1714203233744734
      ]
    ],
    "scale": 0.7077203642563706,
    "anisotropic_scale_xyz": [
      0.7336088751366734,
      0.8116160960541833,
      0.7077203642563706
    ],
    "real_size_m": {
      "x": 0.0892050173904989,
      "y": 0.03222353503405222,
      "z": 0.052366300555519114
    },
    "confidence": 0.5080769011772039,
    "fitness": 0.3735,
    "rmse": 0.0026302759683437885,
    "depth_score": 0.5857775318206973,
    "coverage": 0.6307270511779042,
    "silhouette_score": 0.20510365590729787,
    "posed_glb_opencv": "/Users/woo/Documents/GitHub/Robot-Lab/rb-multiview-calibration-pose-estimation/src/output/pose_per_object/frame_000000/object_001_posed.glb",
    "posed_glb_isaac": "/Users/woo/Documents/GitHub/Robot-Lab/rb-multiview-calibration-pose-estimation/src/output/pose_per_object/frame_000000/object_001_posed_isaac.glb"
  },
  {
    "frame_id": "000000",
    "object_name": "object_002",
    "label": "노랑 실린더",
    "coordinate_frame": "base (= cam0)",
    "unit": "meter",
    "position_m": [
      -0.06467649406163328,
      0.013857832416610077,
      0.6323702943518312
    ],
    "quaternion_xyzw": [
      -0.5412356011385402,
      0.3903154078886142,
      0.41341113820161957,
      0.6195233145215677
    ],
    "euler_xyz_deg": [
      -72.53820064428069,
      68.61081024889975,
      14.243209926446562
    ],
    "T_base_obj": [
      [
        0.35349022635117283,
        -0.9347408660420597,
        0.03611333860414036,
        -0.06467649406163328
      ],
      [
        0.08973048835314536,
        0.0723105097420887,
        0.9933376211745658,
        0.013857832416610077
      ],
      [
        -0.9311246422118273,
        -0.3478946730431207,
        0.10943581284989568,
        0.6323702943518312
      ],
      [
        0.0,
        0.0,
        0.0,
        1.0
      ]
    ],
    "rotation_matrix": [
      [
        0.35349022635117283,
        -0.9347408660420597,
        0.03611333860414036
      ],
      [
        0.08973048835314536,
        0.0723105097420887,
        0.9933376211745658
      ],
      [
        -0.9311246422118273,
        -0.3478946730431207,
        0.10943581284989568
      ]
    ],
    "scale": 0.4222594214475219,
    "anisotropic_scale_xyz": [
      0.3378813944513409,
      0.3378813944513409,
      0.4528534320727238
    ],
    "real_size_m": {
      "x": 0.024036820239623783,
      "y": 0.024011908654641895,
      "z": 0.05535548105682953
    },
    "confidence": 0.5775714549925942,
    "fitness": 0.429,
    "rmse": 0.002270187238483853,
    "depth_score": 0.4419660745291839,
    "coverage": 0.6707758620689656,
    "silhouette_score": 0.44735105522545165,
    "posed_glb_opencv": "/Users/woo/Documents/GitHub/Robot-Lab/rb-multiview-calibration-pose-estimation/src/output/pose_per_object/frame_000000/object_002_posed.glb",
    "posed_glb_isaac": "/Users/woo/Documents/GitHub/Robot-Lab/rb-multiview-calibration-pose-estimation/src/output/pose_per_object/frame_000000/object_002_posed_isaac.glb"
  },
  {
    "frame_id": "000000",
    "object_name": "object_003",
    "label": "곤색 직사각형",
    "coordinate_frame": "base (= cam0)",
    "unit": "meter",
    "position_m": [
      -0.16842299698045643,
      0.04263008194128689,
      0.5111115679736594
    ],
    "quaternion_xyzw": [
      -0.30843734747178525,
      -0.01756702513402369,
      0.950449758504146,
      0.03468513906445114
    ],
    "euler_xyz_deg": [
      -3.873889055937977,
      35.809332485990886,
      174.56801215411753
    ],
    "T_base_obj": [
      [
        -0.8073266876252982,
        -0.055096310824363705,
        -0.5875270342558798,
        -0.16842299698045643
      ],
      [
        0.07676961736559754,
        -0.9969766815120403,
        -0.011996765013079553,
        0.04263008194128689
      ],
      [
        -0.5850897754169907,
        -0.054789534171996765,
        0.8091156046250196,
        0.5111115679736594
      ],
      [
        0.0,
        0.0,
        0.0,
        1.0
      ]
    ],
    "rotation_matrix": [
      [
        -0.8073266876252982,
        -0.055096310824363705,
        -0.5875270342558798
      ],
      [
        0.07676961736559754,
        -0.9969766815120403,
        -0.011996765013079553
      ],
      [
        -0.5850897754169907,
        -0.054789534171996765,
        0.8091156046250196
      ]
    ],
    "scale": 0.5870373615004496,
    "anisotropic_scale_xyz": [
      0.7301282709544996,
      0.48319547554964154,
      0.5870373615004496
    ],
    "real_size_m": {
      "x": 0.08915734924712718,
      "y": 0.026201245289747634,
      "z": 0.013767345158683593
    },
    "confidence": 0.5477698229148025,
    "fitness": 0.39916666666666667,
    "rmse": 0.0021461437106583847,
    "depth_score": 0.8057618057618058,
    "coverage": 0.6111835443037974,
    "silhouette_score": 0.19439294012938327,
    "posed_glb_opencv": "/Users/woo/Documents/GitHub/Robot-Lab/rb-multiview-calibration-pose-estimation/src/output/pose_per_object/frame_000000/object_003_posed.glb",
    "posed_glb_isaac": "/Users/woo/Documents/GitHub/Robot-Lab/rb-multiview-calibration-pose-estimation/src/output/pose_per_object/frame_000000/object_003_posed_isaac.glb"
  },
  {
    "frame_id": "000000",
    "object_name": "object_004",
    "label": "민트 실린더",
    "coordinate_frame": "base (= cam0)",
    "unit": "meter",
    "position_m": [
      0.01573610695892404,
      0.016986746445963423,
      0.5695632149897607
    ],
    "quaternion_xyzw": [
      0.33432127622081126,
      0.5462532705237534,
      0.655935271023078,
      -0.3994816252796519
    ],
    "euler_xyz_deg": [
      68.21265331352048,
      -61.047641270240895,
      -160.84743064312732
    ],
    "T_base_obj": [
      [
        -0.4572874306600314,
        0.8893163573756834,
        0.002149945207049822,
        0.01573610695892404
      ],
      [
        -0.1588199952105098,
        -0.08404359101206227,
        0.9837239876769963,
        0.016986746445963423
      ],
      [
        0.8750225224996672,
        0.4495031605159679,
        0.17967329741638233,
        0.5695632149897607
      ],
      [
        0.0,
        0.0,
        0.0,
        1.0
      ]
    ],
    "rotation_matrix": [
      [
        -0.4572874306600314,
        0.8893163573756834,
        0.002149945207049822
      ],
      [
        -0.1588199952105098,
        -0.08404359101206227,
        0.9837239876769963
      ],
      [
        0.8750225224996672,
        0.4495031605159679,
        0.17967329741638233
      ]
    ],
    "scale": 0.41934084360017515,
    "anisotropic_scale_xyz": [
      0.3521748875284951,
      0.3521748875284951,
      0.4433726994174589
    ],
    "real_size_m": {
      "x": 0.023745701494051565,
      "y": 0.02405342719968508,
      "z": 0.05419735433386054
    },
    "confidence": 0.5834236130553285,
    "fitness": 0.42816666666666664,
    "rmse": 0.00201042890583485,
    "depth_score": 0.44405500134807224,
    "coverage": 0.6763653846153846,
    "silhouette_score": 0.42137770769448,
    "posed_glb_opencv": "/Users/woo/Documents/GitHub/Robot-Lab/rb-multiview-calibration-pose-estimation/src/output/pose_per_object/frame_000000/object_004_posed.glb",
    "posed_glb_isaac": "/Users/woo/Documents/GitHub/Robot-Lab/rb-multiview-calibration-pose-estimation/src/output/pose_per_object/frame_000000/object_004_posed_isaac.glb"
  }
]