[
  {
    "frame_id": "000000",
    "object_name": "object_001",
    "label": "빨강 아치",
    "coordinate_frame": "base (= cam0)",
    "unit": "meter",
    "position_m": [
      -0.011258035457672557,
      0.059591875332668416,
      0.41183316848077284
    ],
    "quaternion_xyzw": [
      0.9801369755940569,
      -0.004145874388174512,
      0.17275025867840887,
      -0.0973224995848114
    ],
    "euler_xyz_deg": [
      -168.2162880456798,
      -19.74477323001686,
      -2.5424804708118907
    ],
    "T_base_obj": [
      [
        0.940280319695911,
        0.025497924388669473,
        0.3394448058643722,
        -0.011258035457672557
      ],
      [
        -0.04175202352461847,
        -0.98102228558847,
        0.18934635905401936,
        0.059591875332668416
      ],
      [
        0.3378308584281611,
        -0.19221116254432855,
        -0.9213713583992791,
        0.41183316848077284
      ],
      [
        0.0,
        0.0,
        0.0,
        1.0
      ]
    ],
    "rotation_matrix": [
      [
        0.940280319695911,
        0.025497924388669473,
        0.3394448058643722
      ],
      [
        -0.04175202352461847,
        -0.98102228558847,
        0.18934635905401936
      ],
      [
        0.3378308584281611,
        -0.19221116254432855,
        -0.9213713583992791
      ]
    ],
    "scale": 0.5420290797333722,
    "anisotropic_scale_xyz": [
      0.5420290797333722,
      0.5420290797333722,
      0.5420290797333722
    ],
    "real_size_m": {
      "x": 0.08224923010609379,
      "y": 0.026856748101978575,
      "z": 0.05005206530614474
    },
    "confidence": 0.6169211826109643,
    "fitness": 0.41533333333333333,
    "rmse": 0.0028285815620880854,
    "depth_score": 0.3678795961135454,
    "coverage": 0.41725,
    "silhouette_score": 0.6169211826109643,
    "posed_glb_opencv": "/Users/woo/Documents/GitHub/Robot-Lab/rb-multiview-calibration-pose-estimation/src/output/pose_per_object_v2/run_20260420_154121_sam_frame_000000/object_001_posed.glb",
    "posed_glb_isaac": "/Users/woo/Documents/GitHub/Robot-Lab/rb-multiview-calibration-pose-estimation/src/output/pose_per_object_v2/run_20260420_154121_sam_frame_000000/object_001_posed_isaac.glb"
  },
  {
    "frame_id": "000000",
    "object_name": "object_002",
    "label": "노랑 실린더",
    "coordinate_frame": "base (= cam0)",
    "unit": "meter",
    "position_m": [
      -0.07087891874217399,
      0.01083224928966331,
      0.6313187738165119
    ],
    "quaternion_xyzw": [
      0.750434961867187,
      -0.08914946711910329,
      0.0902853250152818,
      0.6486511393705082
    ],
    "euler_xyz_deg": [
      98.44787755805262,
      -14.546185493164064,
      -0.9870594778044389
    ],
    "T_base_obj": [
      [
        0.9678018651985127,
        -0.25092911179526783,
        0.019852722027844126,
        -0.07087891874217399
      ],
      [
        -0.016674396036281316,
        -0.14260814380951686,
        -0.9896387633030701,
        0.01083224928966331
      ],
      [
        0.2511603357117201,
        0.9574432088479825,
        -0.14220051895845506,
        0.6313187738165119
      ],
      [
        0.0,
        0.0,
        0.0,
        1.0
      ]
    ],
    "rotation_matrix": [
      [
        0.9678018651985127,
        -0.25092911179526783,
        0.019852722027844126
      ],
      [
        -0.016674396036281316,
        -0.14260814380951686,
        -0.9896387633030701
      ],
      [
        0.2511603357117201,
        0.9574432088479825,
        -0.14220051895845506
      ]
    ],
    "scale": 0.4704339246812722,
    "anisotropic_scale_xyz": [
      0.4704339246812722,
      0.4704339246812722,
      0.4704339246812722
    ],
    "real_size_m": {
      "x": 0.041055086180275174,
      "y": 0.04102307016888472,
      "z": 0.05829037295960194
    },
    "confidence": 0.7852988773184685,
    "fitness": 0.5915,
    "rmse": 0.0023663125664772212,
    "depth_score": 0.34502815991136554,
    "coverage": 0.5889329896907216,
    "silhouette_score": 0.7852988773184685,
    "posed_glb_opencv": "/Users/woo/Documents/GitHub/Robot-Lab/rb-multiview-calibration-pose-estimation/src/output/pose_per_object_v2/run_20260420_154121_sam_frame_000000/object_002_posed.glb",
    "posed_glb_isaac": "/Users/woo/Documents/GitHub/Robot-Lab/rb-multiview-calibration-pose-estimation/src/output/pose_per_object_v2/run_20260420_154121_sam_frame_000000/object_002_posed_isaac.glb"
  },
  {
    "frame_id": "000000",
    "object_name": "object_003",
    "label": "곤색 직사각형",
    "coordinate_frame": "base (= cam0)",
    "unit": "meter",
    "position_m": [
      -0.1474648139294107,
      0.04584707962779601,
      0.5134753818243991
    ],
    "quaternion_xyzw": [
      0.950236415620969,
      -0.02179780467651871,
      0.3054763358861646,
      -0.05709481896512579
    ],
    "euler_xyz_deg": [
      -171.413873213583,
      -35.314236371129056,
      -5.365903758523291
    ],
    "T_base_obj": [
      [
        0.8124181278475219,
        -0.006543903377243196,
        0.5830385603613091,
        -0.1474648139294107
      ],
      [
        -0.07630836775922582,
        -0.9925300747072656,
        0.09518972524168141,
        0.04584707962779601
      ],
      [
        0.5780603935108525,
        -0.12182457925302725,
        -0.8068487797158467,
        0.5134753818243991
      ],
      [
        0.0,
        0.0,
        0.0,
        1.0
      ]
    ],
    "rotation_matrix": [
      [
        0.8124181278475219,
        -0.006543903377243196,
        0.5830385603613091
      ],
      [
        -0.07630836775922582,
        -0.9925300747072656,
        0.09518972524168141
      ],
      [
        0.5780603935108525,
        -0.12182457925302725,
        -0.8068487797158467
      ]
    ],
    "scale": 0.610604466213099,
    "anisotropic_scale_xyz": [
      0.610604466213099,
      0.610604466213099,
      0.610604466213099
    ],
    "real_size_m": {
      "x": 0.09260295213461481,
      "y": 0.03181417530190005,
      "z": 0.01777577137089068
    },
    "confidence": 0.7770513947347081,
    "fitness": 0.5248333333333334,
    "rmse": 0.0021432488444741507,
    "depth_score": 0.5529663535845916,
    "coverage": 0.637464983713355,
    "silhouette_score": 0.7770513947347081,
    "posed_glb_opencv": "/Users/woo/Documents/GitHub/Robot-Lab/rb-multiview-calibration-pose-estimation/src/output/pose_per_object_v2/run_20260420_154121_sam_frame_000000/object_003_posed.glb",
    "posed_glb_isaac": "/Users/woo/Documents/GitHub/Robot-Lab/rb-multiview-calibration-pose-estimation/src/output/pose_per_object_v2/run_20260420_154121_sam_frame_000000/object_003_posed_isaac.glb"
  },
  {
    "frame_id": "000000",
    "object_name": "object_004",
    "label": "민트 실린더",
    "coordinate_frame": "base (= cam0)",
    "unit": "meter",
    "position_m": [
      0.009577578789549917,
      0.02017161983600489,
      0.5548671595020169
    ],
    "quaternion_xyzw": [
      0.44734148471126545,
      0.5083562150140502,
      0.55295261945522,
      -0.485492487429538
    ],
    "euler_xyz_deg": [
      57.03025110625522,
      -81.23570968865673,
      -147.40062882321573
    ],
    "T_base_obj": [
      [
        -0.1283652814116014,
        0.991726333273156,
        0.0011110448692904465,
        0.009577578789549917
      ],
      [
        -0.08209103732681823,
        -0.01174200661213733,
        0.9965556617025094,
        0.02017161983600489
      ],
      [
        0.9883235381790356,
        0.12783194113093113,
        0.08291910942581904,
        0.5548671595020169
      ],
      [
        0.0,
        0.0,
        0.0,
        1.0
      ]
    ],
    "rotation_matrix": [
      [
        -0.1283652814116014,
        0.991726333273156,
        0.0011110448692904465
      ],
      [
        -0.08209103732681823,
        -0.01174200661213733,
        0.9965556617025094
      ],
      [
        0.9883235381790356,
        0.12783194113093113,
        0.08291910942581904
      ]
    ],
    "scale": 0.472701918073745,
    "anisotropic_scale_xyz": [
      0.472701918073745,
      0.472701918073745,
      0.472701918073745
    ],
    "real_size_m": {
      "x": 0.02757731629213554,
      "y": 0.02790042759677031,
      "z": 0.05629406159256081
    },
    "confidence": 0.7576032013183222,
    "fitness": 0.44283333333333336,
    "rmse": 0.002282362540159863,
    "depth_score": 0.39992531740104553,
    "coverage": 0.6973312958435208,
    "silhouette_score": 0.7576032013183222,
    "posed_glb_opencv": "/Users/woo/Documents/GitHub/Robot-Lab/rb-multiview-calibration-pose-estimation/src/output/pose_per_object_v2/run_20260420_154121_sam_frame_000000/object_004_posed.glb",
    "posed_glb_isaac": "/Users/woo/Documents/GitHub/Robot-Lab/rb-multiview-calibration-pose-estimation/src/output/pose_per_object_v2/run_20260420_154121_sam_frame_000000/object_004_posed_isaac.glb"
  }
]