[
  {
    "frame_id": "000000",
    "object_name": "object_001",
    "label": "빨강 아치",
    "coordinate_frame": "base (= cam0)",
    "unit": "meter",
    "position_m": [
      -0.012334972236761305,
      0.05251624877312703,
      0.39684188612546173
    ],
    "quaternion_xyzw": [
      -0.6134227287260365,
      -0.03782308527980152,
      -0.03753275134347613,
      0.7879551146345896
    ],
    "euler_xyz_deg": [
      -75.76258204424028,
      -6.064771107021673,
      -0.7343744643872593
    ],
    "T_base_obj": [
      [
        0.9943214135841343,
        0.10555132713588054,
        -0.013558901503200866,
        -0.012334972236761305
      ],
      [
        -0.012745166412051695,
        0.24460769691485218,
        0.9695383619722862,
        0.05251624877312703
      ],
      [
        0.10565267248551162,
        -0.9638599441443061,
        0.24456394020372313,
        0.39684188612546173
      ],
      [
        0.0,
        0.0,
        0.0,
        1.0
      ]
    ],
    "rotation_matrix": [
      [
        0.9943214135841343,
        0.10555132713588054,
        -0.013558901503200866
      ],
      [
        -0.012745166412051695,
        0.24460769691485218,
        0.9695383619722862
      ],
      [
        0.10565267248551162,
        -0.9638599441443061,
        0.24456394020372313
      ]
    ],
    "scale": 0.5369428212114927,
    "anisotropic_scale_xyz": [
      0.5266539653837714,
      0.5754453388563152,
      0.5087291593943913
    ],
    "real_size_m": {
      "x": 0.08224923010609379,
      "y": 0.026856748101978575,
      "z": 0.05005206530614474
    },
    "confidence": 0.6629435894207314,
    "fitness": 0.41533333333333333,
    "rmse": 0.0028285815620880854,
    "depth_score": 0.3678795961135454,
    "coverage": 0.41725,
    "silhouette_score": 0.6629435894207314,
    "posed_glb_opencv": "/Users/woo/Documents/GitHub/Robot-Lab/rb-multiview-calibration-pose-estimation/src/output/pose_per_object_v2/run_20260420_154121_sam_frame_000000/object_001_posed.glb",
    "posed_glb_isaac": "/Users/woo/Documents/GitHub/Robot-Lab/rb-multiview-calibration-pose-estimation/src/output/pose_per_object_v2/run_20260420_154121_sam_frame_000000/object_001_posed_isaac.glb",
    "orientation_tag": "rot_0_0_0",
    "per_cam_iou": [
      0.7133382461311717,
      0.33584431889516636,
      0.8012958963282938
    ]
  },
  {
    "frame_id": "000000",
    "object_name": "object_002",
    "label": "노랑 실린더",
    "coordinate_frame": "base (= cam0)",
    "unit": "meter",
    "position_m": [
      -0.07546251941659247,
      0.016024376438023763,
      0.6275616374289831
    ],
    "quaternion_xyzw": [
      0.7090952874463612,
      -0.15435616716432524,
      0.16473338311131588,
      0.6679977241491183
    ],
    "euler_xyz_deg": [
      93.40142764156201,
      -26.093830412839964,
      0.0750645356711889
    ],
    "T_base_obj": [
      [
        0.8980741722941632,
        -0.4389895114681929,
        0.027404194549945145,
        -0.07546251941659247
      ],
      [
        0.0011765885710195057,
        -0.05990642837789592,
        -0.9982033036783334,
        0.016024376438023763
      ],
      [
        0.4398424680464683,
        0.8964928491941259,
        -0.05328390603858782,
        0.6275616374289831
      ],
      [
        0.0,
        0.0,
        0.0,
        1.0
      ]
    ],
    "rotation_matrix": [
      [
        0.8980741722941632,
        -0.4389895114681929,
        0.027404194549945145
      ],
      [
        0.0011765885710195057,
        -0.05990642837789592,
        -0.9982033036783334
      ],
      [
        0.4398424680464683,
        0.8964928491941259,
        -0.05328390603858782
      ]
    ],
    "scale": 0.4328375571252973,
    "anisotropic_scale_xyz": [
      0.4108211097166082,
      0.4108211097166082,
      0.4768704519426754
    ],
    "real_size_m": {
      "x": 0.041055086180275174,
      "y": 0.04102307016888472,
      "z": 0.05829037295960194
    },
    "confidence": 0.7983476010970152,
    "fitness": 0.5915,
    "rmse": 0.0023663125664772212,
    "depth_score": 0.34502815991136554,
    "coverage": 0.5889329896907216,
    "silhouette_score": 0.7983476010970152,
    "posed_glb_opencv": "/Users/woo/Documents/GitHub/Robot-Lab/rb-multiview-calibration-pose-estimation/src/output/pose_per_object_v2/run_20260420_154121_sam_frame_000000/object_002_posed.glb",
    "posed_glb_isaac": "/Users/woo/Documents/GitHub/Robot-Lab/rb-multiview-calibration-pose-estimation/src/output/pose_per_object_v2/run_20260420_154121_sam_frame_000000/object_002_posed_isaac.glb",
    "orientation_tag": "original",
    "per_cam_iou": [
      0.5307443365695793,
      0.7156964656964657,
      0.9734748010610079
    ]
  },
  {
    "frame_id": "000000",
    "object_name": "object_003",
    "label": "곤색 직사각형",
    "coordinate_frame": "base (= cam0)",
    "unit": "meter",
    "position_m": [
      -0.15057133698728456,
      0.044876485753253884,
      0.5088033411434103
    ],
    "quaternion_xyzw": [
      -0.32114752442410377,
      -0.11935518104269394,
      0.9394140096979132,
      0.010951104867740777
    ],
    "euler_xyz_deg": [
      -16.816670164846,
      36.92483720732958,
      173.0136351886206
    ],
    "T_base_obj": [
      [
        -0.7934886817148561,
        0.056085999168689386,
        -0.6059951094542791,
        -0.15057133698728456
      ],
      [
        0.09723648450602096,
        -0.9712688281111693,
        -0.21721401796565398,
        0.044876485753253884
      ],
      [
        -0.6007668250349728,
        -0.2312816988367292,
        0.7652372166233417,
        0.5088033411434103
      ],
      [
        0.0,
        0.0,
        0.0,
        1.0
      ]
    ],
    "rotation_matrix": [
      [
        -0.7934886817148561,
        0.056085999168689386,
        -0.6059951094542791
      ],
      [
        0.09723648450602096,
        -0.9712688281111693,
        -0.21721401796565398
      ],
      [
        -0.6007668250349728,
        -0.2312816988367292,
        0.7652372166233417
      ]
    ],
    "scale": 0.6704131309850546,
    "anisotropic_scale_xyz": [
      0.7618301121789426,
      0.5450326069532689,
      0.7043766738229522
    ],
    "real_size_m": {
      "x": 0.09260295213461481,
      "y": 0.03181417530190005,
      "z": 0.01777577137089068
    },
    "confidence": 0.8906451927043275,
    "fitness": 0.5248333333333334,
    "rmse": 0.0021432488444741507,
    "depth_score": 0.5529663535845916,
    "coverage": 0.637464983713355,
    "silhouette_score": 0.8906451927043275,
    "posed_glb_opencv": "/Users/woo/Documents/GitHub/Robot-Lab/rb-multiview-calibration-pose-estimation/src/output/pose_per_object_v2/run_20260420_154121_sam_frame_000000/object_003_posed.glb",
    "posed_glb_isaac": "/Users/woo/Documents/GitHub/Robot-Lab/rb-multiview-calibration-pose-estimation/src/output/pose_per_object_v2/run_20260420_154121_sam_frame_000000/object_003_posed_isaac.glb",
    "orientation_tag": "rot_0_180_0",
    "per_cam_iou": [
      0.8820678513731826,
      0.7544141252006421,
      0.9630493971217425
    ]
  },
  {
    "frame_id": "000000",
    "object_name": "object_004",
    "label": "민트 실린더",
    "coordinate_frame": "base (= cam0)",
    "unit": "meter",
    "position_m": [
      0.009163390103100513,
      0.021329909692660732,
      0.5544851126055335
    ],
    "quaternion_xyzw": [
      -0.5491563105339279,
      0.40428648140390583,
      0.43753675071349035,
      0.5861240306708936
    ],
    "euler_xyz_deg": [
      -76.43562794388878,
      72.64524572435926,
      13.348911424884527
    ],
    "T_base_obj": [
      [
        0.29022806545826085,
        -0.9569345528426987,
        -0.006628091437225664,
        0.009163390103100513
      ],
      [
        0.06886866273664904,
        0.013977876751690457,
        0.9975278072587148,
        0.021329909692660732
      ],
      [
        -0.9544761795420679,
        -0.289967033535296,
        0.06995957510962708,
        0.5544851126055335
      ],
      [
        0.0,
        0.0,
        0.0,
        1.0
      ]
    ],
    "rotation_matrix": [
      [
        0.29022806545826085,
        -0.9569345528426987,
        -0.006628091437225664
      ],
      [
        0.06886866273664904,
        0.013977876751690457,
        0.9975278072587148
      ],
      [
        -0.9544761795420679,
        -0.289967033535296,
        0.06995957510962708
      ]
    ],
    "scale": 0.46868278518002815,
    "anisotropic_scale_xyz": [
      0.4566963317506223,
      0.4566963317506223,
      0.4926556920388398
    ],
    "real_size_m": {
      "x": 0.02757731629213554,
      "y": 0.02790042759677031,
      "z": 0.05629406159256081
    },
    "confidence": 0.8117431049627957,
    "fitness": 0.44283333333333336,
    "rmse": 0.002282362540159863,
    "depth_score": 0.39992531740104553,
    "coverage": 0.6973312958435208,
    "silhouette_score": 0.8117431049627957,
    "posed_glb_opencv": "/Users/woo/Documents/GitHub/Robot-Lab/rb-multiview-calibration-pose-estimation/src/output/pose_per_object_v2/run_20260420_154121_sam_frame_000000/object_004_posed.glb",
    "posed_glb_isaac": "/Users/woo/Documents/GitHub/Robot-Lab/rb-multiview-calibration-pose-estimation/src/output/pose_per_object_v2/run_20260420_154121_sam_frame_000000/object_004_posed_isaac.glb",
    "orientation_tag": "yaw_180",
    "per_cam_iou": [
      0.8315467075038285,
      0.5133423790140208,
      0.9510416666666667
    ]
  }
]