[
  {
    "frame_id": "000000",
    "object_name": "object_001",
    "label": "빨강 아치",
    "coordinate_frame": "base (= cam0)",
    "unit": "meter",
    "position_m": [
      -0.015483680694521005,
      0.053188338016218334,
      0.40982079709955666
    ],
    "quaternion_xyzw": [
      -0.6496635844594574,
      0.00508100283202257,
      -0.024712184973455002,
      0.759803078666669
    ],
    "euler_xyz_deg": [
      -81.0327905945946,
      -1.397473190625219,
      -2.531452643220639
    ],
    "T_base_obj": [
      [
        0.9987269826480158,
        0.03095090342131329,
        0.03983033652862903,
        -0.015483680694521005
      ],
      [
        -0.044154673472203844,
        0.1546530698803484,
        0.9869816577744333,
        0.053188338016218334
      ],
      [
        0.024388090150716118,
        -0.9874839085018761,
        0.1558228208730908,
        0.40982079709955666
      ],
      [
        0.0,
        0.0,
        0.0,
        1.0
      ]
    ],
    "rotation_matrix": [
      [
        0.9987269826480158,
        0.03095090342131329,
        0.03983033652862903
      ],
      [
        -0.044154673472203844,
        0.1546530698803484,
        0.9869816577744333
      ],
      [
        0.024388090150716118,
        -0.9874839085018761,
        0.1558228208730908
      ]
    ],
    "scale": 0.5454611355009502,
    "anisotropic_scale_xyz": [
      0.7090994761512353,
      0.7090994761512353,
      0.4952109379761776
    ],
    "real_size_m": {
      "x": 0.08621590386694843,
      "y": 0.028150759204647317,
      "z": 0.03665092335598663
    },
    "confidence": 0.3210864133333533,
    "fitness": 0.4886666666666667,
    "rmse": 0.0026144953283730654,
    "depth_score": 0.7119021134593994,
    "coverage": 0.48907782824112306,
    "silhouette_score": 0.3210864133333533,
    "posed_glb_opencv": "/Users/woo/Documents/GitHub/Robot-Lab/rb-multiview-calibration-pose-estimation/src/output/pose_per_object/frame_000000/object_001_posed.glb",
    "posed_glb_isaac": "/Users/woo/Documents/GitHub/Robot-Lab/rb-multiview-calibration-pose-estimation/src/output/pose_per_object/frame_000000/object_001_posed_isaac.glb"
  },
  {
    "frame_id": "000000",
    "object_name": "object_002",
    "label": "노랑 실린더",
    "coordinate_frame": "base (= cam0)",
    "unit": "meter",
    "position_m": [
      -0.05784078493978663,
      0.009844509368842527,
      0.6362486053067601
    ],
    "quaternion_xyzw": [
      0.7034013420148569,
      0.2883365437965215,
      -0.2704563247206319,
      0.590713099551536
    ],
    "euler_xyz_deg": [
      102.99797031314979,
      46.1476087229361,
      7.139753389387146
    ],
    "T_base_obj": [
      [
        0.6874308278592314,
        0.7251568114532311,
        -0.039830336528629065,
        -0.05784078493978663
      ],
      [
        0.08610843597931701,
        -0.1358401430583308,
        -0.9869816577744339,
        0.009844509368842527
      ],
      [
        -0.7211270305299824,
        0.6750518901046456,
        -0.15582282087309077,
        0.6362486053067601
      ],
      [
        0.0,
        0.0,
        0.0,
        1.0
      ]
    ],
    "rotation_matrix": [
      [
        0.6874308278592314,
        0.7251568114532311,
        -0.039830336528629065
      ],
      [
        0.08610843597931701,
        -0.1358401430583308,
        -0.9869816577744339
      ],
      [
        -0.7211270305299824,
        0.6750518901046456,
        -0.15582282087309077
      ]
    ],
    "scale": 0.37692230645563746,
    "anisotropic_scale_xyz": [
      0.34030524425147873,
      0.34030524425147873,
      0.4256207244507828
    ],
    "real_size_m": {
      "x": 0.02421484199346178,
      "y": 0.02419032267302243,
      "z": 0.052020406718593766
    },
    "confidence": 0.6192298768530592,
    "fitness": 0.4365,
    "rmse": 0.0020996053598674384,
    "depth_score": 0.38635000599736113,
    "coverage": 0.694,
    "silhouette_score": 0.6192298768530592,
    "posed_glb_opencv": "/Users/woo/Documents/GitHub/Robot-Lab/rb-multiview-calibration-pose-estimation/src/output/pose_per_object/frame_000000/object_002_posed.glb",
    "posed_glb_isaac": "/Users/woo/Documents/GitHub/Robot-Lab/rb-multiview-calibration-pose-estimation/src/output/pose_per_object/frame_000000/object_002_posed_isaac.glb"
  },
  {
    "frame_id": "000000",
    "object_name": "object_003",
    "label": "곤색 직사각형",
    "coordinate_frame": "base (= cam0)",
    "unit": "meter",
    "position_m": [
      -0.1621329318217806,
      0.05333897328131605,
      0.5111586668038085
    ],
    "quaternion_xyzw": [
      0.7364810254315416,
      -0.188433302831549,
      0.1355276290536027,
      0.6353903141584768
    ],
    "euler_xyz_deg": [
      99.98765423380125,
      -26.04547973758781,
      -6.732548503467525
    ],
    "T_base_obj": [
      [
        0.892250304294203,
        -0.44978098979180364,
        -0.039830336528629016,
        -0.1621329318217806
      ],
      [
        -0.10532921858661899,
        -0.12154407811492908,
        -0.9869816577744331,
        0.05333897328131605
      ],
      [
        0.4390844454075237,
        0.884829982704642,
        -0.15582282087309063,
        0.5111586668038085
      ],
      [
        0.0,
        0.0,
        0.0,
        1.0
      ]
    ],
    "rotation_matrix": [
      [
        0.892250304294203,
        -0.44978098979180364,
        -0.039830336528629016
      ],
      [
        -0.10532921858661899,
        -0.12154407811492908,
        -0.9869816577744331
      ],
      [
        0.4390844454075237,
        0.884829982704642,
        -0.15582282087309063
      ]
    ],
    "scale": 0.5163525207514823,
    "anisotropic_scale_xyz": [
      0.671258276976927,
      0.5163525207514823,
      0.671258276976927
    ],
    "real_size_m": {
      "x": 0.08196994675904555,
      "y": 0.028000823833895766,
      "z": 0.01574326536756481
    },
    "confidence": 0.5975957099165652,
    "fitness": 0.39966666666666667,
    "rmse": 0.002120184205460221,
    "depth_score": 0.5258807321393426,
    "coverage": 0.6101670902160101,
    "silhouette_score": 0.5975957099165652,
    "posed_glb_opencv": "/Users/woo/Documents/GitHub/Robot-Lab/rb-multiview-calibration-pose-estimation/src/output/pose_per_object/frame_000000/object_003_posed.glb",
    "posed_glb_isaac": "/Users/woo/Documents/GitHub/Robot-Lab/rb-multiview-calibration-pose-estimation/src/output/pose_per_object/frame_000000/object_003_posed_isaac.glb"
  },
  {
    "frame_id": "000000",
    "object_name": "object_004",
    "label": "민트 실린더",
    "coordinate_frame": "base (= cam0)",
    "unit": "meter",
    "position_m": [
      0.021496821729704265,
      0.019956096815966405,
      0.5750280745627195
    ],
    "quaternion_xyzw": [
      -0.5963432072099438,
      -0.2578049044875931,
      -0.3295531667080445,
      0.6850592096668733
    ],
    "euler_xyz_deg": [
      -76.46164428264834,
      -48.26888674309218,
      -12.497930049880443
    ],
    "T_base_obj": [
      [
        0.6498626830694952,
        0.7590072710079789,
        0.03983033652862904,
        0.021496821729704265
      ],
      [
        -0.14404645670330038,
        0.07153897905440738,
        0.9869816577744334,
        0.019956096815966405
      ],
      [
        0.7462768329948936,
        -0.6471399671082956,
        0.15582282087309068,
        0.5750280745627195
      ],
      [
        0.0,
        0.0,
        0.0,
        1.0
      ]
    ],
    "rotation_matrix": [
      [
        0.6498626830694952,
        0.7590072710079789,
        0.03983033652862904
      ],
      [
        -0.14404645670330038,
        0.07153897905440738,
        0.9869816577744334
      ],
      [
        0.7462768329948936,
        -0.6471399671082956,
        0.15582282087309068
      ]
    ],
    "scale": 0.3540825598498751,
    "anisotropic_scale_xyz": [
      0.34908489659151154,
      0.34908489659151154,
      0.42479113229922477
    ],
    "real_size_m": {
      "x": 0.023545207390684237,
      "y": 0.023825685898852027,
      "z": 0.05192727214162485
    },
    "confidence": 0.5144829694998151,
    "fitness": 0.4206666666666667,
    "rmse": 0.002171693232318,
    "depth_score": 0.43358559498956156,
    "coverage": 0.6455215654952077,
    "silhouette_score": 0.5144829694998151,
    "posed_glb_opencv": "/Users/woo/Documents/GitHub/Robot-Lab/rb-multiview-calibration-pose-estimation/src/output/pose_per_object/frame_000000/object_004_posed.glb",
    "posed_glb_isaac": "/Users/woo/Documents/GitHub/Robot-Lab/rb-multiview-calibration-pose-estimation/src/output/pose_per_object/frame_000000/object_004_posed_isaac.glb"
  }
]