[
  {
    "frame_id": "000000",
    "object_name": "object_001",
    "label": "빨강 아치",
    "coordinate_frame": "base (= cam0)",
    "unit": "meter",
    "position_m": [
      -0.009694518167142622,
      0.0562864676479322,
      0.40915922288390794
    ],
    "quaternion_xyzw": [
      -0.6523130320308301,
      0.08730797195906531,
      -0.005806285358152287,
      0.7528820049154317
    ],
    "euler_xyz_deg": [
      -82.25477704399003,
      7.116669066756483,
      -7.099878286399591
    ],
    "T_base_obj": [
      [
        0.9846872101567241,
        -0.10516136029378532,
        0.13904023316077324,
        -0.009694518167142622
      ],
      [
        -0.12264715133988867,
        0.14890799058438514,
        0.9812156167741442,
        0.0562864676479322
      ],
      [
        -0.12389017073251231,
        -0.983243356762343,
        0.13373005254983486,
        0.40915922288390794
      ],
      [
        0.0,
        0.0,
        0.0,
        1.0
      ]
    ],
    "rotation_matrix": [
      [
        0.9846872101567241,
        -0.10516136029378532,
        0.13904023316077324
      ],
      [
        -0.12264715133988867,
        0.14890799058438514,
        0.9812156167741442
      ],
      [
        -0.12389017073251231,
        -0.983243356762343,
        0.13373005254983486
      ]
    ],
    "scale": 0.5197088767702256,
    "anisotropic_scale_xyz": [
      0.5112095313012658,
      0.5555943490675899,
      0.49232274994182096
    ],
    "real_size_m": {
      "x": 0.08224923010609379,
      "y": 0.026856748101978575,
      "z": 0.05005206530614474
    },
    "confidence": 0.6648566625522356,
    "fitness": 0.41533333333333333,
    "rmse": 0.0028285815620880854,
    "depth_score": 0.3678795961135454,
    "coverage": 0.41725,
    "silhouette_score": 0.6648566625522356,
    "posed_glb_opencv": "/Users/woo/Documents/GitHub/Robot-Lab/rb-multiview-calibration-pose-estimation/src/output/pose_per_object_v2/run_20260420_154121_sam_frame_000000/object_001_posed.glb",
    "posed_glb_isaac": "/Users/woo/Documents/GitHub/Robot-Lab/rb-multiview-calibration-pose-estimation/src/output/pose_per_object_v2/run_20260420_154121_sam_frame_000000/object_001_posed_isaac.glb",
    "orientation_tag": "rot_90_0_0"
  },
  {
    "frame_id": "000000",
    "object_name": "object_002",
    "label": "노랑 실린더",
    "coordinate_frame": "base (= cam0)",
    "unit": "meter",
    "position_m": [
      -0.06903262342975582,
      0.010148559209217861,
      0.6320548173356985
    ],
    "quaternion_xyzw": [
      0.7499265738080986,
      -0.13414337115170769,
      0.12600151949328214,
      0.6354048370589301
    ],
    "euler_xyz_deg": [
      99.92061924758279,
      -21.066696907920175,
      -2.5225814544069456
    ],
    "T_base_obj": [
      [
        0.9322583461229242,
        -0.36131930737918483,
        0.01851308183783794,
        -0.06903262342975582
      ],
      [
        -0.041071407527587214,
        -0.15653249803438682,
        -0.9868184820618312,
        0.010148559209217861
      ],
      [
        0.3594544693943492,
        0.9192094076816344,
        -0.1607686202529836,
        0.6320548173356985
      ],
      [
        0.0,
        0.0,
        0.0,
        1.0
      ]
    ],
    "rotation_matrix": [
      [
        0.9322583461229242,
        -0.36131930737918483,
        0.01851308183783794
      ],
      [
        -0.041071407527587214,
        -0.15653249803438682,
        -0.9868184820618312
      ],
      [
        0.3594544693943492,
        0.9192094076816344,
        -0.1607686202529836
      ]
    ],
    "scale": 0.4449339008030129,
    "anisotropic_scale_xyz": [
      0.41722966749189777,
      0.41722966749189777,
      0.5003423674252433
    ],
    "real_size_m": {
      "x": 0.041055086180275174,
      "y": 0.04102307016888472,
      "z": 0.05829037295960194
    },
    "confidence": 0.817463597665808,
    "fitness": 0.5915,
    "rmse": 0.0023663125664772212,
    "depth_score": 0.34502815991136554,
    "coverage": 0.5889329896907216,
    "silhouette_score": 0.817463597665808,
    "posed_glb_opencv": "/Users/woo/Documents/GitHub/Robot-Lab/rb-multiview-calibration-pose-estimation/src/output/pose_per_object_v2/run_20260420_154121_sam_frame_000000/object_002_posed.glb",
    "posed_glb_isaac": "/Users/woo/Documents/GitHub/Robot-Lab/rb-multiview-calibration-pose-estimation/src/output/pose_per_object_v2/run_20260420_154121_sam_frame_000000/object_002_posed_isaac.glb",
    "orientation_tag": "original"
  },
  {
    "frame_id": "000000",
    "object_name": "object_003",
    "label": "곤색 직사각형",
    "coordinate_frame": "base (= cam0)",
    "unit": "meter",
    "position_m": [
      -0.1498594147629634,
      0.04564194177577528,
      0.5111270372909211
    ],
    "quaternion_xyzw": [
      0.9495677089113898,
      -0.02064877603350634,
      0.3055860847774085,
      -0.06717096866583762
    ],
    "euler_xyz_deg": [
      -170.1117860064304,
      -35.28018647075689,
      -5.642828816207102
    ],
    "T_base_obj": [
      [
        0.8123815456752945,
        0.0018382047507079903,
        0.5831233533690667,
        -0.1498594147629634
      ],
      [
        -0.08026784855015844,
        -0.9901233780236472,
        0.11494680839531517,
        0.04564194177577528
      ],
      [
        0.5775753602142492,
        -0.14018672288891695,
        -0.8042104115118576,
        0.5111270372909211
      ],
      [
        0.0,
        0.0,
        0.0,
        1.0
      ]
    ],
    "rotation_matrix": [
      [
        0.8123815456752945,
        0.0018382047507079903,
        0.5831233533690667
      ],
      [
        -0.08026784855015844,
        -0.9901233780236472,
        0.11494680839531517
      ],
      [
        0.5775753602142492,
        -0.14018672288891695,
        -0.8042104115118576
      ]
    ],
    "scale": 0.6182491004628211,
    "anisotropic_scale_xyz": [
      0.7579058810507312,
      0.5330769914871772,
      0.5637644288505548
    ],
    "real_size_m": {
      "x": 0.09260295213461481,
      "y": 0.03181417530190005,
      "z": 0.01777577137089068
    },
    "confidence": 0.898247158663512,
    "fitness": 0.5248333333333334,
    "rmse": 0.0021432488444741507,
    "depth_score": 0.5529663535845916,
    "coverage": 0.637464983713355,
    "silhouette_score": 0.898247158663512,
    "posed_glb_opencv": "/Users/woo/Documents/GitHub/Robot-Lab/rb-multiview-calibration-pose-estimation/src/output/pose_per_object_v2/run_20260420_154121_sam_frame_000000/object_003_posed.glb",
    "posed_glb_isaac": "/Users/woo/Documents/GitHub/Robot-Lab/rb-multiview-calibration-pose-estimation/src/output/pose_per_object_v2/run_20260420_154121_sam_frame_000000/object_003_posed_isaac.glb",
    "orientation_tag": "rot_0_0_0"
  },
  {
    "frame_id": "000000",
    "object_name": "object_004",
    "label": "민트 실린더",
    "coordinate_frame": "base (= cam0)",
    "unit": "meter",
    "position_m": [
      0.0098938653566782,
      0.019753602408457333,
      0.5596013017025422
    ],
    "quaternion_xyzw": [
      -0.45966339083772473,
      -0.4130790265962181,
      -0.5454874307137316,
      0.5661437519245603
    ],
    "euler_xyz_deg": [
      -16.469056300035344,
      -75.74406904685245,
      -75.02812437704087
    ],
    "T_base_obj": [
      [
        0.06361836143930634,
        0.9974032134022498,
        0.033756984205408735,
        0.0098938653566782
      ],
      [
        -0.23789398920559243,
        -0.017693939886206184,
        0.97112994722187,
        0.019753602408457333
      ],
      [
        0.969205424039521,
        -0.06981227962306982,
        0.23615056981977173,
        0.5596013017025422
      ],
      [
        0.0,
        0.0,
        0.0,
        1.0
      ]
    ],
    "rotation_matrix": [
      [
        0.06361836143930634,
        0.9974032134022498,
        0.033756984205408735
      ],
      [
        -0.23789398920559243,
        -0.017693939886206184,
        0.97112994722187
      ],
      [
        0.969205424039521,
        -0.06981227962306982,
        0.23615056981977173
      ]
    ],
    "scale": 0.4688860854522307,
    "anisotropic_scale_xyz": [
      0.4577269448537175,
      0.4577269448537175,
      0.491204366649257
    ],
    "real_size_m": {
      "x": 0.02757731629213554,
      "y": 0.02790042759677031,
      "z": 0.05629406159256081
    },
    "confidence": 0.7608118133588139,
    "fitness": 0.44283333333333336,
    "rmse": 0.002282362540159863,
    "depth_score": 0.39992531740104553,
    "coverage": 0.6973312958435208,
    "silhouette_score": 0.7608118133588139,
    "posed_glb_opencv": "/Users/woo/Documents/GitHub/Robot-Lab/rb-multiview-calibration-pose-estimation/src/output/pose_per_object_v2/run_20260420_154121_sam_frame_000000/object_004_posed.glb",
    "posed_glb_isaac": "/Users/woo/Documents/GitHub/Robot-Lab/rb-multiview-calibration-pose-estimation/src/output/pose_per_object_v2/run_20260420_154121_sam_frame_000000/object_004_posed_isaac.glb",
    "orientation_tag": "original"
  }
]