[
  {
    "frame_id": "000000",
    "object_name": "object_001",
    "label": "빨강 아치",
    "coordinate_frame": "base (= cam0)",
    "unit": "meter",
    "position_m": [
      -0.01856751370520104,
      0.054170733737358194,
      0.4068876048970752
    ],
    "quaternion_xyzw": [
      0.007484938616528436,
      0.6488162075772539,
      0.7604986647611129,
      0.024965683959002043
    ],
    "euler_xyz_deg": [
      80.9092943299969,
      1.2039708548321475,
      177.26618516754783
    ],
    "T_base_obj": [
      [
        -0.9986413806360193,
        -0.028260039658017967,
        0.043780852418993904,
        -0.01856751370520104
      ],
      [
        0.047685437605400234,
        -0.15682848681881448,
        0.9864739858498641,
        0.054170733737358194
      ],
      [
        -0.021011709123357064,
        0.9872214522983852,
        0.15796300895763662,
        0.4068876048970752
      ],
      [
        0.0,
        0.0,
        0.0,
        1.0
      ]
    ],
    "rotation_matrix": [
      [
        -0.9986413806360193,
        -0.028260039658017967,
        0.043780852418993904
      ],
      [
        0.047685437605400234,
        -0.15682848681881448,
        0.9864739858498641
      ],
      [
        -0.021011709123357064,
        0.9872214522983852,
        0.15796300895763662
      ]
    ],
    "scale": 0.5496477724303879,
    "anisotropic_scale_xyz": [
      0.7145421041595043,
      0.7145421041595043,
      0.5044184712893972
    ],
    "real_size_m": {
      "x": 0.08687584094199119,
      "y": 0.028369985015783934,
      "z": 0.03731901148015083
    },
    "confidence": 0.3205951354381197,
    "fitness": 0.4845,
    "rmse": 0.00255839381680886,
    "depth_score": 0.716076058772688,
    "coverage": 0.4921182487725041,
    "silhouette_score": 0.3205951354381197,
    "posed_glb_opencv": "/Users/woo/Documents/GitHub/Robot-Lab/rb-multiview-calibration-pose-estimation/src/output/pose_per_object/frame_000000/object_001_posed.glb",
    "posed_glb_isaac": "/Users/woo/Documents/GitHub/Robot-Lab/rb-multiview-calibration-pose-estimation/src/output/pose_per_object/frame_000000/object_001_posed_isaac.glb"
  },
  {
    "frame_id": "000000",
    "object_name": "object_002",
    "label": "노랑 실린더",
    "coordinate_frame": "base (= cam0)",
    "unit": "meter",
    "position_m": [
      -0.05816337976526443,
      0.01015699062024511,
      0.636001574375258
    ],
    "quaternion_xyzw": [
      0.5147945696193329,
      0.560328524679426,
      -0.49681004812350654,
      0.4173706645232065
    ],
    "euler_xyz_deg": [
      -141.19386303544223,
      78.30474667768321,
      126.85324281524969
    ],
    "T_base_obj": [
      [
        -0.12157655897070366,
        0.9916160432689906,
        -0.04378085241899386,
        -0.05816337976526443
      ],
      [
        0.16220028356109834,
        -0.023667345651899433,
        -0.986473985849863,
        0.01015699062024511
      ],
      [
        -0.9792396072049584,
        -0.12703337939284357,
        -0.15796300895763643,
        0.636001574375258
      ],
      [
        0.0,
        0.0,
        0.0,
        1.0
      ]
    ],
    "rotation_matrix": [
      [
        -0.12157655897070366,
        0.9916160432689906,
        -0.04378085241899386
      ],
      [
        0.16220028356109834,
        -0.023667345651899433,
        -0.986473985849863
      ],
      [
        -0.9792396072049584,
        -0.12703337939284357,
        -0.15796300895763643
      ]
    ],
    "scale": 0.375443530129905,
    "anisotropic_scale_xyz": [
      0.33559177285727027,
      0.33559177285727027,
      0.4254337112385058
    ],
    "real_size_m": {
      "x": 0.023875068572690953,
      "y": 0.023852979520304282,
      "z": 0.05200080190691101
    },
    "confidence": 0.6183194689779811,
    "fitness": 0.4266666666666667,
    "rmse": 0.002120527389373369,
    "depth_score": 0.38171650863116946,
    "coverage": 0.6975,
    "silhouette_score": 0.6183194689779811,
    "posed_glb_opencv": "/Users/woo/Documents/GitHub/Robot-Lab/rb-multiview-calibration-pose-estimation/src/output/pose_per_object/frame_000000/object_002_posed.glb",
    "posed_glb_isaac": "/Users/woo/Documents/GitHub/Robot-Lab/rb-multiview-calibration-pose-estimation/src/output/pose_per_object/frame_000000/object_002_posed_isaac.glb"
  },
  {
    "frame_id": "000000",
    "object_name": "object_003",
    "label": "곤색 직사각형",
    "coordinate_frame": "base (= cam0)",
    "unit": "meter",
    "position_m": [
      -0.16773865118540562,
      0.049164865120905156,
      0.5077915146098942
    ],
    "quaternion_xyzw": [
      -0.3183178533440273,
      -0.06808327730172077,
      0.9444102589279557,
      0.046126721387271356
    ],
    "euler_xyz_deg": [
      -11.334233186623933,
      36.51009257751772,
      170.6581057981915
    ],
    "T_base_obj": [
      [
        -0.7930921396332267,
        -0.043780852418993835,
        -0.6075262093218347,
        -0.16773865118540562
      ],
      [
        0.13046934313624362,
        -0.9864739858498626,
        -0.09923117322252104,
        0.049164865120905156
      ],
      [
        -0.59496437586905,
        -0.15796300895763637,
        0.7880768231868405,
        0.5077915146098942
      ],
      [
        0.0,
        0.0,
        0.0,
        1.0
      ]
    ],
    "rotation_matrix": [
      [
        -0.7930921396332267,
        -0.043780852418993835,
        -0.6075262093218347
      ],
      [
        0.13046934313624362,
        -0.9864739858498626,
        -0.09923117322252104
      ],
      [
        -0.59496437586905,
        -0.15796300895763637,
        0.7880768231868405
      ]
    ],
    "scale": 0.4352340931897843,
    "anisotropic_scale_xyz": [
      0.5658043211467196,
      0.511948011799693,
      0.4352340931897843
    ],
    "real_size_m": {
      "x": 0.06910110253308588,
      "y": 0.02775791346508392,
      "z": 0.010204416126021769
    },
    "confidence": 0.531573274982658,
    "fitness": 0.3983333333333333,
    "rmse": 0.0020663204544454747,
    "depth_score": 0.5579158316633267,
    "coverage": 0.6136670902160102,
    "silhouette_score": 0.531573274982658,
    "posed_glb_opencv": "/Users/woo/Documents/GitHub/Robot-Lab/rb-multiview-calibration-pose-estimation/src/output/pose_per_object/frame_000000/object_003_posed.glb",
    "posed_glb_isaac": "/Users/woo/Documents/GitHub/Robot-Lab/rb-multiview-calibration-pose-estimation/src/output/pose_per_object/frame_000000/object_003_posed_isaac.glb"
  },
  {
    "frame_id": "000000",
    "object_name": "object_004",
    "label": "민트 실린더",
    "coordinate_frame": "base (= cam0)",
    "unit": "meter",
    "position_m": [
      0.021648253204959087,
      0.020187923653865163,
      0.5759808759245734
    ],
    "quaternion_xyzw": [
      -0.36363150124059274,
      0.6683963164055359,
      -0.5556615162184981,
      -0.3350504065283063
    ],
    "euler_xyz_deg": [
      -107.56121810785744,
      -58.43041608580388,
      -167.45098067954416
    ],
    "T_base_obj": [
      [
        -0.5110267127799758,
        -0.8584491457176492,
        -0.04378085241899387,
        0.021648253204959087
      ],
      [
        -0.11375067811413339,
        0.11802482139857054,
        -0.9864739858498631,
        0.020187923653865163
      ],
      [
        0.8520049777150779,
        -0.4991344565836632,
        -0.15796300895763649,
        0.5759808759245734
      ],
      [
        0.0,
        0.0,
        0.0,
        1.0
      ]
    ],
    "rotation_matrix": [
      [
        -0.5110267127799758,
        -0.8584491457176492,
        -0.04378085241899387
      ],
      [
        -0.11375067811413339,
        0.11802482139857054,
        -0.9864739858498631
      ],
      [
        0.8520049777150779,
        -0.4991344565836632,
        -0.15796300895763649
      ]
    ],
    "scale": 0.35007877142366634,
    "anisotropic_scale_xyz": [
      0.35115486956442904,
      0.35115486956442904,
      0.425032545531234
    ],
    "real_size_m": {
      "x": 0.023682344451501566,
      "y": 0.023977370181909867,
      "z": 0.051958356039742325
    },
    "confidence": 0.5065449012785515,
    "fitness": 0.37966666666666665,
    "rmse": 0.00234148726007147,
    "depth_score": 0.4091099622746961,
    "coverage": 0.63375,
    "silhouette_score": 0.5065449012785515,
    "posed_glb_opencv": "/Users/woo/Documents/GitHub/Robot-Lab/rb-multiview-calibration-pose-estimation/src/output/pose_per_object/frame_000000/object_004_posed.glb",
    "posed_glb_isaac": "/Users/woo/Documents/GitHub/Robot-Lab/rb-multiview-calibration-pose-estimation/src/output/pose_per_object/frame_000000/object_004_posed_isaac.glb"
  }
]