[
  {
    "frame_id": "000000",
    "object_name": "object_001",
    "label": "빨강 아치",
    "coordinate_frame": "base (= cam0)",
    "unit": "meter",
    "position_m": [
      -0.01083164105974894,
      0.0602543052216244,
      0.412623347428863
    ],
    "quaternion_xyzw": [
      0.986943240613836,
      0.007526090751084833,
      0.14710141258941514,
      -0.06517340085391546
    ],
    "euler_xyz_deg": [
      -172.4053326589243,
      -16.938346134728565,
      -0.25865634066981014
    ],
    "T_base_obj": [
      [
        0.9566090647359599,
        0.03402984744738575,
        0.28938048782036807,
        -0.01083164105974894
      ],
      [
        -0.004318549867597819,
        -0.9913915715463847,
        0.13085909204229684,
        0.0602543052216244
      ],
      [
        0.2913424915356258,
        -0.12643069771814025,
        -0.9482272044676633,
        0.412623347428863
      ],
      [
        0.0,
        0.0,
        0.0,
        1.0
      ]
    ],
    "rotation_matrix": [
      [
        0.9566090647359599,
        0.03402984744738575,
        0.28938048782036807
      ],
      [
        -0.004318549867597819,
        -0.9913915715463847,
        0.13085909204229684
      ],
      [
        0.2913424915356258,
        -0.12643069771814025,
        -0.9482272044676633
      ]
    ],
    "scale": 0.5452452132028408,
    "anisotropic_scale_xyz": [
      0.5015130615703502,
      0.5922775703025115,
      0.5419450077356608
    ],
    "real_size_m": {
      "x": 0.08224923010609379,
      "y": 0.026856748101978575,
      "z": 0.05005206530614474
    },
    "confidence": 0.6322529172018346,
    "fitness": 0.41533333333333333,
    "rmse": 0.0028285815620880854,
    "depth_score": 0.3678795961135454,
    "coverage": 0.41725,
    "silhouette_score": 0.6322529172018346,
    "posed_glb_opencv": "/Users/woo/Documents/GitHub/Robot-Lab/rb-multiview-calibration-pose-estimation/src/output/pose_per_object_v2/run_20260420_154121_sam_frame_000000/object_001_posed.glb",
    "posed_glb_isaac": "/Users/woo/Documents/GitHub/Robot-Lab/rb-multiview-calibration-pose-estimation/src/output/pose_per_object_v2/run_20260420_154121_sam_frame_000000/object_001_posed_isaac.glb",
    "flip_selected": "original"
  },
  {
    "frame_id": "000000",
    "object_name": "object_002",
    "label": "노랑 실린더",
    "coordinate_frame": "base (= cam0)",
    "unit": "meter",
    "position_m": [
      -0.07003383259611168,
      0.010869317765933084,
      0.6315828624656921
    ],
    "quaternion_xyzw": [
      0.73891828895182,
      -0.11853456256528376,
      0.11546614507737647,
      0.6531591605963601
    ],
    "euler_xyz_deg": [
      97.29729552047827,
      -18.994898340511664,
      -1.4750033831199827
    ],
    "T_base_obj": [
      [
        0.9452342536368807,
        -0.3260102530967611,
        0.0157962219311341,
        -0.07003383259611168
      ],
      [
        -0.02433917151217626,
        -0.11866533681108543,
        -0.9926359567160621,
        0.010869317765933084
      ],
      [
        0.3254839634780024,
        0.9378890407247422,
        -0.12010136053804575,
        0.6315828624656921
      ],
      [
        0.0,
        0.0,
        0.0,
        1.0
      ]
    ],
    "rotation_matrix": [
      [
        0.9452342536368807,
        -0.3260102530967611,
        0.0157962219311341
      ],
      [
        -0.02433917151217626,
        -0.11866533681108543,
        -0.9926359567160621
      ],
      [
        0.3254839634780024,
        0.9378890407247422,
        -0.12010136053804575
      ]
    ],
    "scale": 0.45544911985182024,
    "anisotropic_scale_xyz": [
      0.4452277270008188,
      0.43998110286229336,
      0.4811385296923486
    ],
    "real_size_m": {
      "x": 0.041055086180275174,
      "y": 0.04102307016888472,
      "z": 0.05829037295960194
    },
    "confidence": 0.8059896473802176,
    "fitness": 0.5915,
    "rmse": 0.0023663125664772212,
    "depth_score": 0.34502815991136554,
    "coverage": 0.5889329896907216,
    "silhouette_score": 0.8059896473802176,
    "posed_glb_opencv": "/Users/woo/Documents/GitHub/Robot-Lab/rb-multiview-calibration-pose-estimation/src/output/pose_per_object_v2/run_20260420_154121_sam_frame_000000/object_002_posed.glb",
    "posed_glb_isaac": "/Users/woo/Documents/GitHub/Robot-Lab/rb-multiview-calibration-pose-estimation/src/output/pose_per_object_v2/run_20260420_154121_sam_frame_000000/object_002_posed_isaac.glb",
    "flip_selected": "original"
  },
  {
    "frame_id": "000000",
    "object_name": "object_003",
    "label": "곤색 직사각형",
    "coordinate_frame": "base (= cam0)",
    "unit": "meter",
    "position_m": [
      -0.14903822254782514,
      0.04566780966369638,
      0.5111518325686248
    ],
    "quaternion_xyzw": [
      0.9467421904090169,
      -0.028916915672864817,
      0.31398956427197916,
      -0.06521955547071742
    ],
    "euler_xyz_deg": [
      -169.88863453966297,
      -36.21113186396757,
      -6.812624943299903
    ],
    "T_base_obj": [
      [
        0.8011487310304315,
        -0.013797208559299761,
        0.5983062324589113,
        -0.14903822254782514
      ],
      [
        -0.09571024777615385,
        -0.9898204431343648,
        0.10533299010291026,
        0.04566780966369638
      ],
      [
        0.5907624389128234,
        -0.14165142911124717,
        -0.794313926219054,
        0.5111518325686248
      ],
      [
        0.0,
        0.0,
        0.0,
        1.0
      ]
    ],
    "rotation_matrix": [
      [
        0.8011487310304315,
        -0.013797208559299761,
        0.5983062324589113
      ],
      [
        -0.09571024777615385,
        -0.9898204431343648,
        0.10533299010291026
      ],
      [
        0.5907624389128234,
        -0.14165142911124717,
        -0.794313926219054
      ]
    ],
    "scale": 0.61294925522588,
    "anisotropic_scale_xyz": [
      0.7766635692530325,
      0.5209928012477111,
      0.5411913951768962
    ],
    "real_size_m": {
      "x": 0.09260295213461481,
      "y": 0.03181417530190005,
      "z": 0.01777577137089068
    },
    "confidence": 0.9067780136681644,
    "fitness": 0.5248333333333334,
    "rmse": 0.0021432488444741507,
    "depth_score": 0.5529663535845916,
    "coverage": 0.637464983713355,
    "silhouette_score": 0.9067780136681644,
    "posed_glb_opencv": "/Users/woo/Documents/GitHub/Robot-Lab/rb-multiview-calibration-pose-estimation/src/output/pose_per_object_v2/run_20260420_154121_sam_frame_000000/object_003_posed.glb",
    "posed_glb_isaac": "/Users/woo/Documents/GitHub/Robot-Lab/rb-multiview-calibration-pose-estimation/src/output/pose_per_object_v2/run_20260420_154121_sam_frame_000000/object_003_posed_isaac.glb",
    "flip_selected": "original"
  },
  {
    "frame_id": "000000",
    "object_name": "object_004",
    "label": "민트 실린더",
    "coordinate_frame": "base (= cam0)",
    "unit": "meter",
    "position_m": [
      0.010011826606409582,
      0.01947019407360385,
      0.5626717401803352
    ],
    "quaternion_xyzw": [
      0.4552343336896214,
      0.4309281626823853,
      0.561373428695234,
      -0.5402985226634506
    ],
    "euler_xyz_deg": [
      -2.166807641662035,
      -77.62680088493481,
      -90.44879509366012
    ],
    "T_base_obj": [
      [
        -0.0016784156757187474,
        0.9989650583867183,
        0.04545321818353037,
        0.010011826606409582
      ],
      [
        -0.21427187835948486,
        -0.04475685002975306,
        0.9757481163290613,
        0.01947019407360385
      ],
      [
        0.9767726168690017,
        -0.008101635503668336,
        0.21412524007470013,
        0.5626717401803352
      ],
      [
        0.0,
        0.0,
        0.0,
        1.0
      ]
    ],
    "rotation_matrix": [
      [
        -0.0016784156757187474,
        0.9989650583867183,
        0.04545321818353037
      ],
      [
        -0.21427187835948486,
        -0.04475685002975306,
        0.9757481163290613
      ],
      [
        0.9767726168690017,
        -0.008101635503668336,
        0.21412524007470013
      ]
    ],
    "scale": 0.46721631985675854,
    "anisotropic_scale_xyz": [
      0.5028172240220921,
      0.4137009758884259,
      0.48513075965975777
    ],
    "real_size_m": {
      "x": 0.02757731629213554,
      "y": 0.02790042759677031,
      "z": 0.05629406159256081
    },
    "confidence": 0.769136850931626,
    "fitness": 0.44283333333333336,
    "rmse": 0.002282362540159863,
    "depth_score": 0.39992531740104553,
    "coverage": 0.6973312958435208,
    "silhouette_score": 0.769136850931626,
    "posed_glb_opencv": "/Users/woo/Documents/GitHub/Robot-Lab/rb-multiview-calibration-pose-estimation/src/output/pose_per_object_v2/run_20260420_154121_sam_frame_000000/object_004_posed.glb",
    "posed_glb_isaac": "/Users/woo/Documents/GitHub/Robot-Lab/rb-multiview-calibration-pose-estimation/src/output/pose_per_object_v2/run_20260420_154121_sam_frame_000000/object_004_posed_isaac.glb",
    "flip_selected": "original"
  }
]