[
  {
    "frame_id": "000000",
    "object_name": "object_001",
    "label": "빨강 아치",
    "coordinate_frame": "base (= cam0)",
    "unit": "meter",
    "position_m": [
      -0.009198226445564745,
      0.047825515816434495,
      0.39927186654708097
    ],
    "quaternion_xyzw": [
      0.3110403366096115,
      0.6920451896842026,
      -0.6068258765155422,
      0.23683268361414905
    ],
    "euler_xyz_deg": [
      -102.326846641501,
      44.85317861381876,
      168.3564252647991
    ],
    "T_base_obj": [
      [
        -0.6943283779461236,
        0.717940339139341,
        -0.04969681087918871,
        -0.009198226445564745
      ],
      [
        0.14307553585334173,
        0.07003252918593521,
        -0.9872308928979922,
        0.047825515816434495
      ],
      [
        -0.7052924886994614,
        -0.692572822374234,
        -0.1513452711262263,
        0.39927186654708097
      ],
      [
        0.0,
        0.0,
        0.0,
        1.0
      ]
    ],
    "rotation_matrix": [
      [
        -0.6943283779461236,
        0.717940339139341,
        -0.04969681087918871
      ],
      [
        0.14307553585334173,
        0.07003252918593521,
        -0.9872308928979922
      ],
      [
        -0.7052924886994614,
        -0.692572822374234,
        -0.1513452711262263
      ]
    ],
    "scale": 0.5015545958591918,
    "anisotropic_scale_xyz": [
      0.5015545958591918,
      0.6520209746169494,
      0.5015545958591918
    ],
    "real_size_m": {
      "x": 0.06099027932669087,
      "y": 0.025887954722391342,
      "z": 0.0371028739766725
    },
    "confidence": 0.15345309676467767,
    "fitness": 0.4545,
    "rmse": 0.002847208062258079,
    "depth_score": 0.9749399244764847,
    "coverage": 0.46445744680851064,
    "silhouette_score": 0.15345309676467767,
    "posed_glb_opencv": "/Users/woo/Documents/GitHub/Robot-Lab/rb-multiview-calibration-pose-estimation/src/output/pose_per_object/frame_000000/object_001_posed.glb",
    "posed_glb_isaac": "/Users/woo/Documents/GitHub/Robot-Lab/rb-multiview-calibration-pose-estimation/src/output/pose_per_object/frame_000000/object_001_posed_isaac.glb"
  },
  {
    "frame_id": "000000",
    "object_name": "object_002",
    "label": "노랑 실린더",
    "coordinate_frame": "base (= cam0)",
    "unit": "meter",
    "position_m": [
      -0.06493609211020836,
      0.008753459965749584,
      0.6343538853305629
    ],
    "quaternion_xyzw": [
      0.7586928176420402,
      -0.007605525784466713,
      -0.02622688798931848,
      0.6508759595977712
    ],
    "euler_xyz_deg": [
      98.70881793061476,
      1.7131581525496582,
      -2.6194352326712527
    ],
    "T_base_obj": [
      [
        0.9985086126478212,
        0.02260038620018518,
        -0.04969681087918875,
        -0.06493609211020836
      ],
      [
        -0.045681417348410816,
        -0.15260528238850224,
        -0.9872308928979923,
        0.008753459965749584
      ],
      [
        -0.029895795307068533,
        0.9880287699894417,
        -0.15134527112622637,
        0.6343538853305629
      ],
      [
        0.0,
        0.0,
        0.0,
        1.0
      ]
    ],
    "rotation_matrix": [
      [
        0.9985086126478212,
        0.02260038620018518,
        -0.04969681087918875
      ],
      [
        -0.045681417348410816,
        -0.15260528238850224,
        -0.9872308928979923
      ],
      [
        -0.029895795307068533,
        0.9880287699894417,
        -0.15134527112622637
      ]
    ],
    "scale": 0.417030245867208,
    "anisotropic_scale_xyz": [
      0.5421393196273704,
      0.5421393196273704,
      0.3757442157098665
    ],
    "real_size_m": {
      "x": 0.038560345224056075,
      "y": 0.03853293806796113,
      "z": 0.04593475182942829
    },
    "confidence": 0.5772101687998036,
    "fitness": 0.5238333333333334,
    "rmse": 0.0023077298907005516,
    "depth_score": 0.3857040057567762,
    "coverage": 0.6227954545454546,
    "silhouette_score": 0.5772101687998036,
    "posed_glb_opencv": "/Users/woo/Documents/GitHub/Robot-Lab/rb-multiview-calibration-pose-estimation/src/output/pose_per_object/frame_000000/object_002_posed.glb",
    "posed_glb_isaac": "/Users/woo/Documents/GitHub/Robot-Lab/rb-multiview-calibration-pose-estimation/src/output/pose_per_object/frame_000000/object_002_posed_isaac.glb"
  },
  {
    "frame_id": "000000",
    "object_name": "object_003",
    "label": "곤색 직사각형",
    "coordinate_frame": "base (= cam0)",
    "unit": "meter",
    "position_m": [
      -0.15757529520889954,
      0.04746850943463086,
      0.5022824592162963
    ],
    "quaternion_xyzw": [
      -0.29608928853852695,
      -0.06508433003268138,
      0.9518122607230607,
      0.04635281581740568
    ],
    "euler_xyz_deg": [
      -10.504977038451411,
      33.89061500574283,
      171.21496010793
    ],
    "T_base_obj": [
      [
        -0.8203650993572515,
        -0.04969681087918874,
        -0.5696765141243043,
        -0.15757529520889954
      ],
      [
        0.1267799027768118,
        -0.9872308928979923,
        -0.09644698209773324,
        0.04746850943463086
      ],
      [
        -0.5576091462735127,
        -0.15134527112622637,
        0.8161903263920826,
        0.5022824592162963
      ],
      [
        0.0,
        0.0,
        0.0,
        1.0
      ]
    ],
    "rotation_matrix": [
      [
        -0.8203650993572515,
        -0.04969681087918874,
        -0.5696765141243043
      ],
      [
        0.1267799027768118,
        -0.9872308928979923,
        -0.09644698209773324
      ],
      [
        -0.5576091462735127,
        -0.15134527112622637,
        0.8161903263920826
      ]
    ],
    "scale": 0.5317520113248929,
    "anisotropic_scale_xyz": [
      0.6912776147223608,
      0.5317520113248929,
      0.4268254505436671
    ],
    "real_size_m": {
      "x": 0.08441695264270897,
      "y": 0.02883167468221382,
      "z": 0.010005009199371074
    },
    "confidence": 0.5046404221732824,
    "fitness": 0.3591666666666667,
    "rmse": 0.0020085081809919575,
    "depth_score": 0.6020106445890006,
    "coverage": 0.5986734234234234,
    "silhouette_score": 0.5046404221732824,
    "posed_glb_opencv": "/Users/woo/Documents/GitHub/Robot-Lab/rb-multiview-calibration-pose-estimation/src/output/pose_per_object/frame_000000/object_003_posed.glb",
    "posed_glb_isaac": "/Users/woo/Documents/GitHub/Robot-Lab/rb-multiview-calibration-pose-estimation/src/output/pose_per_object/frame_000000/object_003_posed_isaac.glb"
  },
  {
    "frame_id": "000000",
    "object_name": "object_004",
    "label": "민트 실린더",
    "coordinate_frame": "base (= cam0)",
    "unit": "meter",
    "position_m": [
      0.017769348141083247,
      0.01794092039270971,
      0.5729702761303554
    ],
    "quaternion_xyzw": [
      0.7235772191431543,
      -0.22827317735626448,
      0.1645022194818263,
      0.6302907140536725
    ],
    "euler_xyz_deg": [
      100.24910340976115,
      -31.723262617042426,
      -8.312869132555933
    ],
    "T_base_obj": [
      [
        0.8416607525687207,
        -0.5377149845139713,
        -0.04969681087918875,
        0.017769348141083247
      ],
      [
        -0.12297809899137291,
        -0.10124994455478648,
        -0.9872308928979926,
        0.01794092039270971
      ],
      [
        0.5258170449404752,
        0.8370251156069217,
        -0.15134527112622642,
        0.5729702761303554
      ],
      [
        0.0,
        0.0,
        0.0,
        1.0
      ]
    ],
    "rotation_matrix": [
      [
        0.8416607525687207,
        -0.5377149845139713,
        -0.04969681087918875
      ],
      [
        -0.12297809899137291,
        -0.10124994455478648,
        -0.9872308928979926
      ],
      [
        0.5258170449404752,
        0.8370251156069217,
        -0.15134527112622642
      ]
    ],
    "scale": 0.39629159201612846,
    "anisotropic_scale_xyz": [
      0.42588492949179,
      0.42588492949179,
      0.36751003385085085
    ],
    "real_size_m": {
      "x": 0.02873234881912844,
      "y": 0.029085279057233022,
      "z": 0.04492449860334457
    },
    "confidence": 0.5584872886241056,
    "fitness": 0.4071666666666667,
    "rmse": 0.0023470688128078713,
    "depth_score": 0.39774810159727675,
    "coverage": 0.679406462585034,
    "silhouette_score": 0.5584872886241056,
    "posed_glb_opencv": "/Users/woo/Documents/GitHub/Robot-Lab/rb-multiview-calibration-pose-estimation/src/output/pose_per_object/frame_000000/object_004_posed.glb",
    "posed_glb_isaac": "/Users/woo/Documents/GitHub/Robot-Lab/rb-multiview-calibration-pose-estimation/src/output/pose_per_object/frame_000000/object_004_posed_isaac.glb"
  }
]