[
  {
    "frame_id": "000001",
    "object_name": "object_001",
    "label": "빨강 아치",
    "coordinate_frame": "base (= cam0)",
    "unit": "meter",
    "position_m": [
      -0.01668791670734139,
      0.05312114802798322,
      0.4120245202522514
    ],
    "quaternion_xyzw": [
      0.05792345881388507,
      -0.11206531180517429,
      -0.05657756827832152,
      0.9903964951355377
    ],
    "euler_xyz_deg": [
      7.497255592596221,
      -12.44039466765954,
      -7.357361750324843
    ],
    "T_base_obj": [
      [
        0.9684806893154421,
        0.09908602970665803,
        -0.22853252096814988,
        -0.01668791670734139
      ],
      [
        -0.12505087159790684,
        0.9868877033734961,
        -0.10205361553022167,
        0.05312114802798322
      ],
      [
        0.2154238471843134,
        0.12741514685137614,
        0.9681724776180909,
        0.4120245202522514
      ],
      [
        0.0,
        0.0,
        0.0,
        1.0
      ]
    ],
    "rotation_matrix": [
      [
        0.9684806893154421,
        0.09908602970665803,
        -0.22853252096814988
      ],
      [
        -0.12505087159790684,
        0.9868877033734961,
        -0.10205361553022167
      ],
      [
        0.2154238471843134,
        0.12741514685137614,
        0.9681724776180909
      ]
    ],
    "scale": 0.6736482203533934,
    "anisotropic_scale_xyz": [
      0.7193335440341514,
      0.8757426864594116,
      0.8601334558130687
    ],
    "real_size_m": {
      "x": 0.08746197486572631,
      "y": 0.03476881333454166,
      "z": 0.0636464873567746
    },
    "confidence": 0.5673582570656817,
    "fitness": 0.443,
    "rmse": 0.003017642117938234,
    "depth_score": 0.3829302678668257,
    "coverage": 0.50525,
    "silhouette_score": 0.44266458855055396,
    "posed_glb_opencv": "/Users/woo/Documents/GitHub/Robot-Lab/rb-multiview-calibration-pose-estimation/src/output/pose_per_object_v2/run_20260428_104354_sam_frame_000001/object_001_posed.glb",
    "posed_glb_isaac": "/Users/woo/Documents/GitHub/Robot-Lab/rb-multiview-calibration-pose-estimation/src/output/pose_per_object_v2/run_20260428_104354_sam_frame_000001/object_001_posed_isaac.glb"
  },
  {
    "frame_id": "000001",
    "object_name": "object_002",
    "label": "노랑 실린더",
    "coordinate_frame": "base (= cam0)",
    "unit": "meter",
    "position_m": [
      -0.1964984523286049,
      0.04303943272312216,
      0.46101010721571833
    ],
    "quaternion_xyzw": [
      -0.24484168468122286,
      0.6348550307562351,
      0.6820331407392781,
      0.26803439014290037
    ],
    "euler_xyz_deg": [
      84.24694134449162,
      42.40029955403814,
      175.7489750035479
    ],
    "T_base_obj": [
      [
        -0.7364202302863678,
        -0.6764946243880109,
        0.0063456756217385646,
        -0.1964984523286049
      ],
      [
        0.05473872335318643,
        -0.05023331124844674,
        0.9972363243517959,
        0.04303943272312216
      ],
      [
        -0.6743062483698602,
        0.7347323578114281,
        0.07402327873192105,
        0.46101010721571833
      ],
      [
        0.0,
        0.0,
        0.0,
        1.0
      ]
    ],
    "rotation_matrix": [
      [
        -0.7364202302863678,
        -0.6764946243880109,
        0.0063456756217385646
      ],
      [
        0.05473872335318643,
        -0.05023331124844674,
        0.9972363243517959
      ],
      [
        -0.6743062483698602,
        0.7347323578114281,
        0.07402327873192105
      ]
    ],
    "scale": 0.4541924582991912,
    "anisotropic_scale_xyz": [
      0.39970305253197025,
      0.39970305253197025,
      0.5179056127560431
    ],
    "real_size_m": {
      "x": 0.028437629007012067,
      "y": 0.02840649876710418,
      "z": 0.06330678783408776
    },
    "confidence": 0.5580413208053178,
    "fitness": 0.37716666666666665,
    "rmse": 0.0019639212100691734,
    "depth_score": 0.4730831973898858,
    "coverage": 0.5454920382165604,
    "silhouette_score": 0.4823416372328526,
    "posed_glb_opencv": "/Users/woo/Documents/GitHub/Robot-Lab/rb-multiview-calibration-pose-estimation/src/output/pose_per_object_v2/run_20260428_104354_sam_frame_000001/object_002_posed.glb",
    "posed_glb_isaac": "/Users/woo/Documents/GitHub/Robot-Lab/rb-multiview-calibration-pose-estimation/src/output/pose_per_object_v2/run_20260428_104354_sam_frame_000001/object_002_posed_isaac.glb"
  },
  {
    "frame_id": "000001",
    "object_name": "object_003",
    "label": "곤색 직사각형",
    "coordinate_frame": "base (= cam0)",
    "unit": "meter",
    "position_m": [
      -0.08393169218792766,
      0.032030841987587017,
      0.6171738312963474
    ],
    "quaternion_xyzw": [
      0.28227573531090966,
      0.7067612981892436,
      -0.6133874818255904,
      0.21110346699237637
    ],
    "euler_xyz_deg": [
      -101.95748285465642,
      40.14231122244815,
      169.44529832286003
    ],
    "T_base_obj": [
      [
        -0.7515114709569682,
        0.6579795783175348,
        -0.047889284158087284,
        -0.08393169218792766
      ],
      [
        0.1400266822251128,
        0.08815241278869287,
        -0.986215838640082,
        0.032030841987587017
      ],
      [
        -0.6446883256932158,
        -0.7478582931522603,
        -0.1583822467269194,
        0.6171738312963474
      ],
      [
        0.0,
        0.0,
        0.0,
        1.0
      ]
    ],
    "rotation_matrix": [
      [
        -0.7515114709569682,
        0.6579795783175348,
        -0.047889284158087284
      ],
      [
        0.1400266822251128,
        0.08815241278869287,
        -0.986215838640082
      ],
      [
        -0.6446883256932158,
        -0.7478582931522603,
        -0.1583822467269194
      ]
    ],
    "scale": 0.5934630565564473,
    "anisotropic_scale_xyz": [
      0.7715019735233815,
      0.6960895266718388,
      0.5934630565564473
    ],
    "real_size_m": {
      "x": 0.09422540862886454,
      "y": 0.03773559143297226,
      "z": 0.013913037102877376
    },
    "confidence": 0.6185046452441707,
    "fitness": 0.6148333333333333,
    "rmse": 0.003049320946239766,
    "depth_score": 0.40980546276282176,
    "coverage": 0.5962287029930928,
    "silhouette_score": 0.5423654587388042,
    "posed_glb_opencv": "/Users/woo/Documents/GitHub/Robot-Lab/rb-multiview-calibration-pose-estimation/src/output/pose_per_object_v2/run_20260428_104354_sam_frame_000001/object_003_posed.glb",
    "posed_glb_isaac": "/Users/woo/Documents/GitHub/Robot-Lab/rb-multiview-calibration-pose-estimation/src/output/pose_per_object_v2/run_20260428_104354_sam_frame_000001/object_003_posed_isaac.glb"
  },
  {
    "frame_id": "000001",
    "object_name": "object_004",
    "label": "민트 실린더",
    "coordinate_frame": "base (= cam0)",
    "unit": "meter",
    "position_m": [
      0.01475991173440046,
      0.014580948346280103,
      0.568682755827878
    ],
    "quaternion_xyzw": [
      0.74180863887861,
      0.1972793852387508,
      -0.16994871129834377,
      0.6179953260121931
    ],
    "euler_xyz_deg": [
      101.85574509915988,
      29.734018668176187,
      5.460603036629935
    ],
    "T_base_obj": [
      [
        0.8643965593757054,
        0.5027421229738774,
        -0.00830336842258284,
        0.01475991173440046
      ],
      [
        0.08263208599718914,
        -0.15832524237380752,
        -0.9839232978190059,
        0.014580948346280103
      ],
      [
        -0.49597432040701006,
        0.849813788670785,
        -0.17839842511023069,
        0.568682755827878
      ],
      [
        0.0,
        0.0,
        0.0,
        1.0
      ]
    ],
    "rotation_matrix": [
      [
        0.8643965593757054,
        0.5027421229738774,
        -0.00830336842258284
      ],
      [
        0.08263208599718914,
        -0.15832524237380752,
        -0.9839232978190059
      ],
      [
        -0.49597432040701006,
        0.849813788670785,
        -0.17839842511023069
      ]
    ],
    "scale": 0.43637081955918955,
    "anisotropic_scale_xyz": [
      0.4334020854660492,
      0.4334020854660492,
      0.4418832455147918
    ],
    "real_size_m": {
      "x": 0.029239208393691426,
      "y": 0.02960102143426045,
      "z": 0.05401552349383582
    },
    "confidence": 0.6390014540237712,
    "fitness": 0.4608333333333333,
    "rmse": 0.0022851944776112864,
    "depth_score": 0.4356751824817518,
    "coverage": 0.7107316303099885,
    "silhouette_score": 0.5287994063576368,
    "posed_glb_opencv": "/Users/woo/Documents/GitHub/Robot-Lab/rb-multiview-calibration-pose-estimation/src/output/pose_per_object_v2/run_20260428_104354_sam_frame_000001/object_004_posed.glb",
    "posed_glb_isaac": "/Users/woo/Documents/GitHub/Robot-Lab/rb-multiview-calibration-pose-estimation/src/output/pose_per_object_v2/run_20260428_104354_sam_frame_000001/object_004_posed_isaac.glb"
  }
]