[
  {
    "frame_id": "000001",
    "object_name": "object_001",
    "label": "빨강 아치",
    "coordinate_frame": "base (= cam0)",
    "unit": "meter",
    "position_m": [
      -0.0099183923372574,
      0.05323082534358005,
      0.3967789184349173
    ],
    "quaternion_xyzw": [
      -0.04171536465685899,
      0.8317202054724855,
      0.5535813611180471,
      0.007000341637518689
    ],
    "euler_xyz_deg": [
      112.8081118459205,
      3.3152845258360175,
      -176.46008697921027
    ],
    "T_base_obj": [
      [
        -0.9964216471370069,
        -0.07714154063150276,
        -0.03454104552229014,
        -0.0099183923372574
      ],
      [
        -0.06164050602354698,
        0.3836150099484713,
        0.9214336504379446,
        0.05323082534358005
      ],
      [
        -0.05783034786282871,
        0.9202655632214175,
        -0.3869973436792969,
        0.3967789184349173
      ],
      [
        0.0,
        0.0,
        0.0,
        1.0
      ]
    ],
    "rotation_matrix": [
      [
        -0.9964216471370069,
        -0.07714154063150276,
        -0.03454104552229014
      ],
      [
        -0.06164050602354698,
        0.3836150099484713,
        0.9214336504379446
      ],
      [
        -0.05783034786282871,
        0.9202655632214175,
        -0.3869973436792969
      ]
    ],
    "scale": 0.5894043873476433,
    "anisotropic_scale_xyz": [
      0.5275845449094135,
      0.7690748628861411,
      0.4715537542473754
    ],
    "real_size_m": {
      "x": 0.08746197486572631,
      "y": 0.03476881333454166,
      "z": 0.0636464873567746
    },
    "confidence": 0.6427328188110352,
    "fitness": 0.443,
    "rmse": 0.003017642117938234,
    "depth_score": 0.3829302678668257,
    "coverage": 0.50525,
    "silhouette_score": 0.6427328188110352,
    "posed_glb_opencv": "/Users/woo/Documents/GitHub/Robot-Lab/rb-multiview-calibration-pose-estimation/src/output/pose_per_object_v2/run_20260428_104354_sam_frame_000001/object_001_posed.glb",
    "posed_glb_isaac": "/Users/woo/Documents/GitHub/Robot-Lab/rb-multiview-calibration-pose-estimation/src/output/pose_per_object_v2/run_20260428_104354_sam_frame_000001/object_001_posed_isaac.glb",
    "orientation_tag": "rot_90_180_0",
    "per_cam_iou": [
      0.7492283950617284,
      0.3115814226925338,
      0.7550607287449392
    ]
  },
  {
    "frame_id": "000001",
    "object_name": "object_002",
    "label": "노랑 실린더",
    "coordinate_frame": "base (= cam0)",
    "unit": "meter",
    "position_m": [
      -0.18907289454648893,
      0.036949126456097846,
      0.4490059452377898
    ],
    "quaternion_xyzw": [
      0.6428309509436612,
      0.2887893523486209,
      0.33974914946500695,
      -0.6228479701474001
    ],
    "euler_xyz_deg": [
      -89.36141206748997,
      -52.80154884134482,
      -4.928299152537866
    ],
    "T_base_obj": [
      [
        0.6023424508157365,
        0.7945096041925065,
        0.07705881384473945,
        -0.18907289454648893
      ],
      [
        -0.051938668221834516,
        -0.05732223210665496,
        0.9970037795563531,
        0.036949126456097846
      ],
      [
        0.7965462614868225,
        -0.6045400322163761,
        0.00673815695786463,
        0.4490059452377898
      ],
      [
        0.0,
        0.0,
        0.0,
        1.0
      ]
    ],
    "rotation_matrix": [
      [
        0.6023424508157365,
        0.7945096041925065,
        0.07705881384473945
      ],
      [
        -0.051938668221834516,
        -0.05732223210665496,
        0.9970037795563531
      ],
      [
        0.7965462614868225,
        -0.6045400322163761,
        0.00673815695786463
      ]
    ],
    "scale": 0.4745476031394908,
    "anisotropic_scale_xyz": [
      0.45231523742621677,
      0.45231523742621677,
      0.5190123345660389
    ],
    "real_size_m": {
      "x": 0.028437629007012067,
      "y": 0.02840649876710418,
      "z": 0.06330678783408776
    },
    "confidence": 0.8415453843960573,
    "fitness": 0.37716666666666665,
    "rmse": 0.0019639212100691734,
    "depth_score": 0.4730831973898858,
    "coverage": 0.5454920382165604,
    "silhouette_score": 0.8415453843960573,
    "posed_glb_opencv": "/Users/woo/Documents/GitHub/Robot-Lab/rb-multiview-calibration-pose-estimation/src/output/pose_per_object_v2/run_20260428_104354_sam_frame_000001/object_002_posed.glb",
    "posed_glb_isaac": "/Users/woo/Documents/GitHub/Robot-Lab/rb-multiview-calibration-pose-estimation/src/output/pose_per_object_v2/run_20260428_104354_sam_frame_000001/object_002_posed_isaac.glb",
    "orientation_tag": "yaw_180",
    "per_cam_iou": [
      0.8267782426778243,
      0.6631908237747653,
      0.9381062355658198
    ]
  },
  {
    "frame_id": "000001",
    "object_name": "object_003",
    "label": "곤색 직사각형",
    "coordinate_frame": "base (= cam0)",
    "unit": "meter",
    "position_m": [
      -0.09137515435134083,
      0.040154156435165046,
      0.6156144642081705
    ],
    "quaternion_xyzw": [
      -0.6112169246867407,
      -0.2626977788691015,
      -0.3047971493950849,
      0.6815441626735235
    ],
    "euler_xyz_deg": [
      -80.31911826248333,
      -46.94298035602684,
      -7.942181752253159
    ],
    "T_base_obj": [
      [
        0.6761771493957421,
        0.7365960929843196,
        0.014514077142024878,
        -0.09137515435134083
      ],
      [
        -0.09433477889468087,
        0.06702513739422754,
        0.9932817225984671,
        0.040154156435165046
      ],
      [
        0.7306746280841703,
        -0.673003585991577,
        0.1148074959074484,
        0.6156144642081705
      ],
      [
        0.0,
        0.0,
        0.0,
        1.0
      ]
    ],
    "rotation_matrix": [
      [
        0.6761771493957421,
        0.7365960929843196,
        0.014514077142024878
      ],
      [
        -0.09433477889468087,
        0.06702513739422754,
        0.9932817225984671
      ],
      [
        0.7306746280841703,
        -0.673003585991577,
        0.1148074959074484
      ]
    ],
    "scale": 0.626073056759126,
    "anisotropic_scale_xyz": [
      0.6571889875343799,
      0.6124186023670372,
      0.6086115803759606
    ],
    "real_size_m": {
      "x": 0.09422540862886454,
      "y": 0.03773559143297226,
      "z": 0.013913037102877376
    },
    "confidence": 0.8222819909473501,
    "fitness": 0.6148333333333333,
    "rmse": 0.003049320946239766,
    "depth_score": 0.40980546276282176,
    "coverage": 0.5962287029930928,
    "silhouette_score": 0.8222819909473501,
    "posed_glb_opencv": "/Users/woo/Documents/GitHub/Robot-Lab/rb-multiview-calibration-pose-estimation/src/output/pose_per_object_v2/run_20260428_104354_sam_frame_000001/object_003_posed.glb",
    "posed_glb_isaac": "/Users/woo/Documents/GitHub/Robot-Lab/rb-multiview-calibration-pose-estimation/src/output/pose_per_object_v2/run_20260428_104354_sam_frame_000001/object_003_posed_isaac.glb",
    "orientation_tag": "rot_0_270_180",
    "per_cam_iou": [
      0.7959558823529411,
      0.7654573326520184,
      0.8638573743922204
    ]
  },
  {
    "frame_id": "000001",
    "object_name": "object_004",
    "label": "민트 실린더",
    "coordinate_frame": "base (= cam0)",
    "unit": "meter",
    "position_m": [
      0.004607386871607283,
      0.022648965618364318,
      0.5544467603457923
    ],
    "quaternion_xyzw": [
      0.6966830150124609,
      0.23347250166246128,
      -0.27710106824119235,
      0.6191432512272175
    ],
    "euler_xyz_deg": [
      96.20703886607524,
      42.470387241002086,
      -1.3841525494947147
    ],
    "T_base_obj": [
      [
        0.7374111778941242,
        0.6684431653801844,
        -0.09699736786799858,
        0.004607386871607283
      ],
      [
        -0.01781785985736319,
        -0.12430445085452534,
        -0.9920841332104139,
        0.022648965618364318
      ],
      [
        -0.6752090628737916,
        0.7333022147479678,
        -0.07975326487876143,
        0.5544467603457923
      ],
      [
        0.0,
        0.0,
        0.0,
        1.0
      ]
    ],
    "rotation_matrix": [
      [
        0.7374111778941242,
        0.6684431653801844,
        -0.09699736786799858
      ],
      [
        -0.01781785985736319,
        -0.12430445085452534,
        -0.9920841332104139
      ],
      [
        -0.6752090628737916,
        0.7333022147479678,
        -0.07975326487876143
      ]
    ],
    "scale": 0.5097973144385762,
    "anisotropic_scale_xyz": [
      0.5109522643110845,
      0.5109522643110845,
      0.5074874146935596
    ],
    "real_size_m": {
      "x": 0.029239208393691426,
      "y": 0.02960102143426045,
      "z": 0.05401552349383582
    },
    "confidence": 0.7855779093344908,
    "fitness": 0.4608333333333333,
    "rmse": 0.0022851944776112864,
    "depth_score": 0.4356751824817518,
    "coverage": 0.7107316303099885,
    "silhouette_score": 0.7855779093344908,
    "posed_glb_opencv": "/Users/woo/Documents/GitHub/Robot-Lab/rb-multiview-calibration-pose-estimation/src/output/pose_per_object_v2/run_20260428_104354_sam_frame_000001/object_004_posed.glb",
    "posed_glb_isaac": "/Users/woo/Documents/GitHub/Robot-Lab/rb-multiview-calibration-pose-estimation/src/output/pose_per_object_v2/run_20260428_104354_sam_frame_000001/object_004_posed_isaac.glb",
    "orientation_tag": "original",
    "per_cam_iou": [
      0.61090458488228,
      0.6275443915114768,
      0.951931330472103
    ]
  }
]