[
  {
    "frame_id": "000000",
    "object_name": "object_001",
    "label": "빨강 아치",
    "coordinate_frame": "base (= cam0)",
    "unit": "meter",
    "position_m": [
      -0.01781423207882263,
      0.05214381593153285,
      0.4059741612259593
    ],
    "quaternion_xyzw": [
      0.00473578383052126,
      0.6493095092445347,
      0.7596677235071818,
      0.035772662992121396
    ],
    "euler_xyz_deg": [
      80.97471004351088,
      2.250000028749797,
      176.5287702032484
    ],
    "T_base_obj": [
      [
        -0.9973957778668241,
        -0.04820069596920596,
        0.05365030474656997,
        -0.01781423207882263
      ],
      [
        0.06050065386757485,
        -0.15423495557395706,
        0.9861801302788045,
        0.05214381593153285
      ],
      [
        -0.03925981625943999,
        0.9868577766757926,
        0.15674946711195104,
        0.4059741612259593
      ],
      [
        0.0,
        0.0,
        0.0,
        1.0
      ]
    ],
    "rotation_matrix": [
      [
        -0.9973957778668241,
        -0.04820069596920596,
        0.05365030474656997
      ],
      [
        0.06050065386757485,
        -0.15423495557395706,
        0.9861801302788045
      ],
      [
        -0.03925981625943999,
        0.9868577766757926,
        0.15674946711195104
      ]
    ],
    "scale": 0.5932536615124244,
    "anisotropic_scale_xyz": [
      0.7371247116664816,
      0.7712297599661517,
      0.49840335059186086
    ],
    "real_size_m": {
      "x": 0.08962439978433295,
      "y": 0.030624559783477442,
      "z": 0.03687006945898779
    },
    "confidence": 0.5797581806584439,
    "fitness": 0.476,
    "rmse": 0.0025763121536484636,
    "depth_score": 0.7076116681859617,
    "coverage": 0.48562993282955497,
    "silhouette_score": 0.5797581806584439,
    "posed_glb_opencv": "/Users/woo/Documents/GitHub/Robot-Lab/rb-multiview-calibration-pose-estimation/src/output/pose_per_object/frame_000000/object_001_posed.glb",
    "posed_glb_isaac": "/Users/woo/Documents/GitHub/Robot-Lab/rb-multiview-calibration-pose-estimation/src/output/pose_per_object/frame_000000/object_001_posed_isaac.glb"
  },
  {
    "frame_id": "000000",
    "object_name": "object_002",
    "label": "노랑 실린더",
    "coordinate_frame": "base (= cam0)",
    "unit": "meter",
    "position_m": [
      -0.05706675782022314,
      0.014236330492158826,
      0.6346510482520173
    ],
    "quaternion_xyzw": [
      0.7266627348794374,
      0.2243568659383266,
      -0.22497694432006535,
      0.6091064282769263
    ],
    "euler_xyz_deg": [
      101.30245385884814,
      36.8898923238582,
      3.727381138459822
    ],
    "T_base_obj": [
      [
        0.7980987424613619,
        0.6001333535810238,
        -0.053650304746569934,
        -0.05706675782022314
      ],
      [
        0.05199374158456959,
        -0.15730671147581168,
        -0.9861801302788039,
        0.014236330492158826
      ],
      [
        -0.6002791418311982,
        0.7842796417351962,
        -0.15674946711195098,
        0.6346510482520173
      ],
      [
        0.0,
        0.0,
        0.0,
        1.0
      ]
    ],
    "rotation_matrix": [
      [
        0.7980987424613619,
        0.6001333535810238,
        -0.053650304746569934
      ],
      [
        0.05199374158456959,
        -0.15730671147581168,
        -0.9861801302788039
      ],
      [
        -0.6002791418311982,
        0.7842796417351962,
        -0.15674946711195098
      ]
    ],
    "scale": 0.31551255709990833,
    "anisotropic_scale_xyz": [
      0.3320327937381217,
      0.3320327937381217,
      0.41016632422988086
    ],
    "real_size_m": {
      "x": 0.023626676482252085,
      "y": 0.023605855064725755,
      "z": 0.05013461806257866
    },
    "confidence": 0.6723852865059948,
    "fitness": 0.43383333333333335,
    "rmse": 0.0021366825204972547,
    "depth_score": 0.3799421407907425,
    "coverage": 0.69725,
    "silhouette_score": 0.6723852865059948,
    "posed_glb_opencv": "/Users/woo/Documents/GitHub/Robot-Lab/rb-multiview-calibration-pose-estimation/src/output/pose_per_object/frame_000000/object_002_posed.glb",
    "posed_glb_isaac": "/Users/woo/Documents/GitHub/Robot-Lab/rb-multiview-calibration-pose-estimation/src/output/pose_per_object/frame_000000/object_002_posed_isaac.glb"
  },
  {
    "frame_id": "000000",
    "object_name": "object_003",
    "label": "곤색 직사각형",
    "coordinate_frame": "base (= cam0)",
    "unit": "meter",
    "position_m": [
      -0.16524701833019217,
      0.04852156296098802,
      0.5078869739549026
    ],
    "quaternion_xyzw": [
      0.9302242539179043,
      -0.05333727608422165,
      0.3574533571856146,
      -0.06375790021265734
    ],
    "euler_xyz_deg": [
      -167.98221086946367,
      -41.164429676383904,
      -11.090468900536873
    ],
    "T_base_obj": [
      [
        0.7387644648324183,
        -0.053650304746569955,
        0.6718249104476022,
        -0.16524701833019217
      ],
      [
        -0.14481220665915936,
        -0.9861801302788047,
        0.08048711351449461,
        0.04852156296098802
      ],
      [
        0.6582222195448122,
        -0.15674946711195106,
        -0.7363240551938072,
        0.5078869739549026
      ],
      [
        0.0,
        0.0,
        0.0,
        1.0
      ]
    ],
    "rotation_matrix": [
      [
        0.7387644648324183,
        -0.053650304746569955,
        0.6718249104476022
      ],
      [
        -0.14481220665915936,
        -0.9861801302788047,
        0.08048711351449461
      ],
      [
        0.6582222195448122,
        -0.15674946711195106,
        -0.7363240551938072
      ]
    ],
    "scale": 0.48204291628420537,
    "anisotropic_scale_xyz": [
      0.626655791169467,
      0.5212657639645368,
      0.5583542853831558
    ],
    "real_size_m": {
      "x": 0.07652499595702493,
      "y": 0.028264395247292164,
      "z": 0.01309037067309421
    },
    "confidence": 0.6684708293032972,
    "fitness": 0.4056666666666667,
    "rmse": 0.002089756853775032,
    "depth_score": 0.5505483549351944,
    "coverage": 0.6149698221092758,
    "silhouette_score": 0.6684708293032972,
    "posed_glb_opencv": "/Users/woo/Documents/GitHub/Robot-Lab/rb-multiview-calibration-pose-estimation/src/output/pose_per_object/frame_000000/object_003_posed.glb",
    "posed_glb_isaac": "/Users/woo/Documents/GitHub/Robot-Lab/rb-multiview-calibration-pose-estimation/src/output/pose_per_object/frame_000000/object_003_posed_isaac.glb"
  },
  {
    "frame_id": "000000",
    "object_name": "object_004",
    "label": "민트 실린더",
    "coordinate_frame": "base (= cam0)",
    "unit": "meter",
    "position_m": [
      0.021633672692969397,
      0.020815630108087946,
      0.5757920050005861
    ],
    "quaternion_xyzw": [
      -0.5148533826865237,
      0.5597327289807829,
      -0.45331791335610494,
      -0.46489583335886797
    ],
    "euler_xyz_deg": [
      -169.60054811436473,
      -80.82982235733743,
      -103.64503427706775
    ],
    "T_base_obj": [
      [
        -0.03759571692325292,
        -0.9978517960427392,
        -0.05365030474656998,
        0.021633672692969397
      ],
      [
        -0.15486935962010143,
        0.05885772753213255,
        -0.9861801302788047,
        0.020815630108087946
      ],
      [
        0.9872193492429847,
        -0.02876736067451553,
        -0.15674946711195106,
        0.5757920050005861
      ],
      [
        0.0,
        0.0,
        0.0,
        1.0
      ]
    ],
    "rotation_matrix": [
      [
        -0.03759571692325292,
        -0.9978517960427392,
        -0.05365030474656998
      ],
      [
        -0.15486935962010143,
        0.05885772753213255,
        -0.9861801302788047
      ],
      [
        0.9872193492429847,
        -0.02876736067451553,
        -0.15674946711195106
      ]
    ],
    "scale": 0.32388813177329095,
    "anisotropic_scale_xyz": [
      0.326908373360125,
      0.326908373360125,
      0.4181315001032391
    ],
    "real_size_m": {
      "x": 0.02205893514158983,
      "y": 0.022330841195413086,
      "z": 0.05111207362676305
    },
    "confidence": 0.5187580027014047,
    "fitness": 0.37466666666666665,
    "rmse": 0.002102158238079165,
    "depth_score": 0.42458866544789764,
    "coverage": 0.6704316693944354,
    "silhouette_score": 0.5187580027014047,
    "posed_glb_opencv": "/Users/woo/Documents/GitHub/Robot-Lab/rb-multiview-calibration-pose-estimation/src/output/pose_per_object/frame_000000/object_004_posed.glb",
    "posed_glb_isaac": "/Users/woo/Documents/GitHub/Robot-Lab/rb-multiview-calibration-pose-estimation/src/output/pose_per_object/frame_000000/object_004_posed_isaac.glb"
  }
]