[
  {
    "frame_id": "000000",
    "object_name": "object_001",
    "label": "빨강 아치",
    "coordinate_frame": "base (= cam0)",
    "unit": "meter",
    "position_m": [
      -0.018297438160218036,
      0.04507056611257167,
      0.41677675387544316
    ],
    "quaternion_xyzw": [
      -0.06297778820199769,
      0.6212530429727583,
      0.7757407866476829,
      0.09113005388732467
    ],
    "euler_xyz_deg": [
      76.98391335242388,
      12.177357838524744,
      176.2967091773616
    ],
    "T_base_obj": [
      [
        -0.9754582229433558,
        -0.21963688449996785,
        0.015520768645246133,
        -0.018297438160218036
      ],
      [
        0.06313631425922803,
        -0.2114799397511627,
        0.9753409869910138,
        0.04507056611257167
      ],
      [
        -0.21093852448984152,
        0.9523843100608034,
        0.22015690958054457,
        0.41677675387544316
      ],
      [
        0.0,
        0.0,
        0.0,
        1.0
      ]
    ],
    "rotation_matrix": [
      [
        -0.9754582229433558,
        -0.21963688449996785,
        0.015520768645246133
      ],
      [
        0.06313631425922803,
        -0.2114799397511627,
        0.9753409869910138
      ],
      [
        -0.21093852448984152,
        0.9523843100608034,
        0.22015690958054457
      ]
    ],
    "scale": 0.7074994386095883,
    "anisotropic_scale_xyz": [
      0.734419662195774,
      0.8003019774011507,
      0.7074994386095883
    ],
    "real_size_m": {
      "x": 0.08930448732131407,
      "y": 0.031777845824018526,
      "z": 0.05233475627199534
    },
    "confidence": 0.4629354856342648,
    "fitness": 0.37666666666666665,
    "rmse": 0.002643575188184832,
    "depth_score": 0.5964225824482952,
    "coverage": 0.6344902200488998,
    "silhouette_score": 0.2041566706819573,
    "posed_glb_opencv": "/Users/woo/Documents/GitHub/Robot-Lab/rb-multiview-calibration-pose-estimation/src/output/pose_per_object/frame_000000/object_001_posed.glb",
    "posed_glb_isaac": "/Users/woo/Documents/GitHub/Robot-Lab/rb-multiview-calibration-pose-estimation/src/output/pose_per_object/frame_000000/object_001_posed_isaac.glb"
  },
  {
    "frame_id": "000000",
    "object_name": "object_002",
    "label": "노랑 실린더",
    "coordinate_frame": "base (= cam0)",
    "unit": "meter",
    "position_m": [
      -0.06621597523699564,
      0.006921989903774769,
      0.6328543567810072
    ],
    "quaternion_xyzw": [
      0.21659979852399353,
      0.7169963389230334,
      -0.6337809608311904,
      0.19319024545308977
    ],
    "euler_xyz_deg": [
      -98.4102806851784,
      33.47595979109792,
      175.48085617384277
    ],
    "T_base_obj": [
      [
        -0.8315241126822805,
        0.5554831238792854,
        0.002479740562257552,
        -0.06621597523699564
      ],
      [
        0.06572192633339456,
        0.10281244193451695,
        -0.9925271936740521,
        0.006921989903774769
      ],
      [
        -0.5515870542597727,
        -0.8251473207062916,
        -0.1219984454993363,
        0.6328543567810072
      ],
      [
        0.0,
        0.0,
        0.0,
        1.0
      ]
    ],
    "rotation_matrix": [
      [
        -0.8315241126822805,
        0.5554831238792854,
        0.002479740562257552
      ],
      [
        0.06572192633339456,
        0.10281244193451695,
        -0.9925271936740521
      ],
      [
        -0.5515870542597727,
        -0.8251473207062916,
        -0.1219984454993363
      ]
    ],
    "scale": 0.4469767345098111,
    "anisotropic_scale_xyz": [
      0.34030941955098426,
      0.34030941955098426,
      0.4524148966654882
    ],
    "real_size_m": {
      "x": 0.024212855559094665,
      "y": 0.02418938479788158,
      "z": 0.05529435234350362
    },
    "confidence": 0.5472425912651689,
    "fitness": 0.4151666666666667,
    "rmse": 0.001976056197852173,
    "depth_score": 0.4415547299228351,
    "coverage": 0.69275,
    "silhouette_score": 0.42190224205775345,
    "posed_glb_opencv": "/Users/woo/Documents/GitHub/Robot-Lab/rb-multiview-calibration-pose-estimation/src/output/pose_per_object/frame_000000/object_002_posed.glb",
    "posed_glb_isaac": "/Users/woo/Documents/GitHub/Robot-Lab/rb-multiview-calibration-pose-estimation/src/output/pose_per_object/frame_000000/object_002_posed_isaac.glb"
  },
  {
    "frame_id": "000000",
    "object_name": "object_003",
    "label": "곤색 직사각형",
    "coordinate_frame": "base (= cam0)",
    "unit": "meter",
    "position_m": [
      -0.16916012903833236,
      0.044030658281534955,
      0.5109829194995528
    ],
    "quaternion_xyzw": [
      0.04561353847201636,
      0.9499442232543246,
      0.026978166366763437,
      0.30789211804345873
    ],
    "euler_xyz_deg": [
      174.3982154808899,
      35.626539589401794,
      172.7006177480094
    ],
    "T_base_obj": [
      [
        -0.8062436975095498,
        0.07004790518017846,
        0.587421817100794,
        -0.16916012903833236
      ],
      [
        0.10327336431454485,
        0.9943831672950982,
        0.023167408644990267,
        0.044030658281534955
      ],
      [
        -0.5824995385828949,
        0.07934360453141388,
        -0.8089492443724002,
        0.5109829194995528
      ],
      [
        0.0,
        0.0,
        0.0,
        1.0
      ]
    ],
    "rotation_matrix": [
      [
        -0.8062436975095498,
        0.07004790518017846,
        0.587421817100794
      ],
      [
        0.10327336431454485,
        0.9943831672950982,
        0.023167408644990267
      ],
      [
        -0.5824995385828949,
        0.07934360453141388,
        -0.8089492443724002
      ]
    ],
    "scale": 0.5718780327150547,
    "anisotropic_scale_xyz": [
      0.7318455081824263,
      0.4826778144431524,
      0.5718780327150547
    ],
    "real_size_m": {
      "x": 0.08937693595823058,
      "y": 0.026168428401709666,
      "z": 0.013408333356742358
    },
    "confidence": 0.483256829771477,
    "fitness": 0.3963333333333333,
    "rmse": 0.0020496696743789664,
    "depth_score": 0.8384353741496599,
    "coverage": 0.6021740506329114,
    "silhouette_score": 0.19648594825151958,
    "posed_glb_opencv": "/Users/woo/Documents/GitHub/Robot-Lab/rb-multiview-calibration-pose-estimation/src/output/pose_per_object/frame_000000/object_003_posed.glb",
    "posed_glb_isaac": "/Users/woo/Documents/GitHub/Robot-Lab/rb-multiview-calibration-pose-estimation/src/output/pose_per_object/frame_000000/object_003_posed_isaac.glb"
  },
  {
    "frame_id": "000000",
    "object_name": "object_004",
    "label": "민트 실린더",
    "coordinate_frame": "base (= cam0)",
    "unit": "meter",
    "position_m": [
      0.016328890296908902,
      0.01795328317025164,
      0.5695492762800565
    ],
    "quaternion_xyzw": [
      -0.4311988731646798,
      0.6347839218205874,
      -0.530279195538616,
      -0.36044538998092723
    ],
    "euler_xyz_deg": [
      -116.13046418992177,
      -66.19457574464477,
      -155.84592946959717
    ],
    "T_base_obj": [
      [
        -0.3682933052460155,
        -0.9297096064535646,
        -0.00029829335063977274,
        0.016328890296908902
      ],
      [
        -0.16516284071480952,
        0.06574301312085662,
        -0.9840727068020965,
        0.01795328317025164
      ],
      [
        0.9149214596663365,
        -0.3623781228133791,
        -0.17776619124083087,
        0.5695492762800565
      ],
      [
        0.0,
        0.0,
        0.0,
        1.0
      ]
    ],
    "rotation_matrix": [
      [
        -0.3682933052460155,
        -0.9297096064535646,
        -0.00029829335063977274
      ],
      [
        -0.16516284071480952,
        0.06574301312085662,
        -0.9840727068020965
      ],
      [
        0.9149214596663365,
        -0.3623781228133791,
        -0.17776619124083087
      ]
    ],
    "scale": 0.40702427308538913,
    "anisotropic_scale_xyz": [
      0.3439830841972579,
      0.3439830841972579,
      0.44331755746492524
    ],
    "real_size_m": {
      "x": 0.023202911423311837,
      "y": 0.02348713019862535,
      "z": 0.054190643357689514
    },
    "confidence": 0.5376713371889398,
    "fitness": 0.43083333333333335,
    "rmse": 0.002072339579189926,
    "depth_score": 0.43519357762527516,
    "coverage": 0.6600072964669739,
    "silhouette_score": 0.43866146294218694,
    "posed_glb_opencv": "/Users/woo/Documents/GitHub/Robot-Lab/rb-multiview-calibration-pose-estimation/src/output/pose_per_object/frame_000000/object_004_posed.glb",
    "posed_glb_isaac": "/Users/woo/Documents/GitHub/Robot-Lab/rb-multiview-calibration-pose-estimation/src/output/pose_per_object/frame_000000/object_004_posed_isaac.glb"
  }
]