[
  {
    "frame_id": "000000",
    "object_name": "object_001",
    "label": "빨강 아치",
    "coordinate_frame": "base (= cam0)",
    "unit": "meter",
    "position_m": [
      -0.01094651058040303,
      0.05932404417683725,
      0.40364539493495094
    ],
    "quaternion_xyzw": [
      0.9739774176094288,
      -0.01823905807591095,
      0.21688292946775492,
      -0.06322279377611124
    ],
    "euler_xyz_deg": [
      -171.6954451778989,
      -24.84544090065326,
      -3.978013289499952
    ],
    "T_base_obj": [
      [
        0.905258263324025,
        -0.008104971922112217,
        0.42478439954691394,
        -0.01094651058040303
      ],
      [
        -0.06295275081480967,
        -0.9913404302033965,
        0.11524366613937873,
        0.05932404417683725
      ],
      [
        0.42017190271431964,
        -0.13106662752312292,
        -0.8979293465023689,
        0.40364539493495094
      ],
      [
        0.0,
        0.0,
        0.0,
        1.0
      ]
    ],
    "rotation_matrix": [
      [
        0.905258263324025,
        -0.008104971922112217,
        0.42478439954691394
      ],
      [
        -0.06295275081480967,
        -0.9913404302033965,
        0.11524366613937873
      ],
      [
        0.42017190271431964,
        -0.13106662752312292,
        -0.8979293465023689
      ]
    ],
    "scale": 0.5203662823144479,
    "anisotropic_scale_xyz": [
      0.6764761670087823,
      0.6764761670087823,
      0.6764761670087823
    ],
    "real_size_m": {
      "x": 0.08224923010609379,
      "y": 0.026856748101978575,
      "z": 0.05005206530614474
    },
    "confidence": 0.8438700316699629,
    "fitness": 0.41533333333333333,
    "rmse": 0.0028285815620880854,
    "depth_score": 0.3678795961135454,
    "coverage": 0.41725,
    "silhouette_score": 0.7076025257233663,
    "posed_glb_opencv": "/Users/woo/Documents/GitHub/Robot-Lab/rb-multiview-calibration-pose-estimation/src/output/pose_per_object_v2/run_20260420_154121_sam_frame_000000/object_001_posed.glb",
    "posed_glb_isaac": "/Users/woo/Documents/GitHub/Robot-Lab/rb-multiview-calibration-pose-estimation/src/output/pose_per_object_v2/run_20260420_154121_sam_frame_000000/object_001_posed_isaac.glb"
  },
  {
    "frame_id": "000000",
    "object_name": "object_002",
    "label": "노랑 실린더",
    "coordinate_frame": "base (= cam0)",
    "unit": "meter",
    "position_m": [
      -0.0730908959163965,
      0.008321080617757983,
      0.6299012697302542
    ],
    "quaternion_xyzw": [
      0.7501941616560724,
      -0.09700222750182504,
      0.0561876574888813,
      0.6516457893846465
    ],
    "euler_xyz_deg": [
      98.49472759879473,
      -12.164871274460959,
      -4.242224545832864
    ],
    "T_base_obj": [
      [
        0.9748670300111868,
        -0.21876991031506038,
        -0.04211888101424685,
        -0.0730908959163965
      ],
      [
        -0.07231210864244743,
        -0.13189666607197267,
        -0.9886223891955842,
        0.008321080617757983
      ],
      [
        0.2107254914351136,
        0.9668210774575194,
        -0.14440142464436267,
        0.6299012697302542
      ],
      [
        0.0,
        0.0,
        0.0,
        1.0
      ]
    ],
    "rotation_matrix": [
      [
        0.9748670300111868,
        -0.21876991031506038,
        -0.04211888101424685
      ],
      [
        -0.07231210864244743,
        -0.13189666607197267,
        -0.9886223891955842
      ],
      [
        0.2107254914351136,
        0.9668210774575194,
        -0.14440142464436267
      ]
    ],
    "scale": 0.4661531426421524,
    "anisotropic_scale_xyz": [
      0.5771027798564744,
      0.5771027798564744,
      0.47683267721338835
    ],
    "real_size_m": {
      "x": 0.041055086180275174,
      "y": 0.04102307016888472,
      "z": 0.05829037295960194
    },
    "confidence": 1.0064740330149333,
    "fitness": 0.5915,
    "rmse": 0.0023663125664772212,
    "depth_score": 0.34502815991136554,
    "coverage": 0.5889329896907216,
    "silhouette_score": 0.8404198516917813,
    "posed_glb_opencv": "/Users/woo/Documents/GitHub/Robot-Lab/rb-multiview-calibration-pose-estimation/src/output/pose_per_object_v2/run_20260420_154121_sam_frame_000000/object_002_posed.glb",
    "posed_glb_isaac": "/Users/woo/Documents/GitHub/Robot-Lab/rb-multiview-calibration-pose-estimation/src/output/pose_per_object_v2/run_20260420_154121_sam_frame_000000/object_002_posed_isaac.glb"
  },
  {
    "frame_id": "000000",
    "object_name": "object_003",
    "label": "곤색 직사각형",
    "coordinate_frame": "base (= cam0)",
    "unit": "meter",
    "position_m": [
      -0.1582046862495211,
      0.04537292275471433,
      0.5151532747722338
    ],
    "quaternion_xyzw": [
      0.957250355707269,
      -0.043553092734511606,
      0.27857101415755403,
      -0.06459933964676264
    ],
    "euler_xyz_deg": [
      -169.96997518921515,
      -31.850009219447436,
      -8.078699813410744
    ],
    "T_base_obj": [
      [
        0.8410026363665645,
        -0.04739141990547593,
        0.538951406843521,
        -0.1582046862495211
      ],
      [
        -0.1193734341427377,
        -0.9878601068509516,
        0.09941022328477461,
        0.04537292275471433
      ],
      [
        0.5276974027193321,
        -0.1479407401352553,
        -0.836450230770837,
        0.5151532747722338
      ],
      [
        0.0,
        0.0,
        0.0,
        1.0
      ]
    ],
    "rotation_matrix": [
      [
        0.8410026363665645,
        -0.04739141990547593,
        0.538951406843521
      ],
      [
        -0.1193734341427377,
        -0.9878601068509516,
        0.09941022328477461
      ],
      [
        0.5276974027193321,
        -0.1479407401352553,
        -0.836450230770837
      ]
    ],
    "scale": 0.5833183114453486,
    "anisotropic_scale_xyz": [
      0.7583138048789533,
      0.586856163503079,
      0.7583138048789533
    ],
    "real_size_m": {
      "x": 0.09260295213461481,
      "y": 0.03181417530190005,
      "z": 0.01777577137089068
    },
    "confidence": 0.9218851136760514,
    "fitness": 0.5248333333333334,
    "rmse": 0.0021432488444741507,
    "depth_score": 0.5529663535845916,
    "coverage": 0.637464983713355,
    "silhouette_score": 0.7715399978278946,
    "posed_glb_opencv": "/Users/woo/Documents/GitHub/Robot-Lab/rb-multiview-calibration-pose-estimation/src/output/pose_per_object_v2/run_20260420_154121_sam_frame_000000/object_003_posed.glb",
    "posed_glb_isaac": "/Users/woo/Documents/GitHub/Robot-Lab/rb-multiview-calibration-pose-estimation/src/output/pose_per_object_v2/run_20260420_154121_sam_frame_000000/object_003_posed_isaac.glb"
  },
  {
    "frame_id": "000000",
    "object_name": "object_004",
    "label": "민트 실린더",
    "coordinate_frame": "base (= cam0)",
    "unit": "meter",
    "position_m": [
      0.014113986153143484,
      0.01788376536421873,
      0.5686281231369051
    ],
    "quaternion_xyzw": [
      -0.4674242609032802,
      -0.44664530527919827,
      -0.5343871857994994,
      0.5444748545565398
    ],
    "euler_xyz_deg": [
      -10.916284934358123,
      -80.38259997331642,
      -79.69844738942261
    ],
    "T_base_obj": [
      [
        0.029876613850686743,
        0.9994664739422208,
        0.013196795456524643,
        0.014113986153143484
      ],
      [
        -0.16437506711802324,
        -0.00811020805537338,
        0.9863645684204411,
        0.01788376536421873
      ],
      [
        0.9859453459775358,
        -0.0316384574656054,
        0.16404506318214726,
        0.5686281231369051
      ],
      [
        0.0,
        0.0,
        0.0,
        1.0
      ]
    ],
    "rotation_matrix": [
      [
        0.029876613850686743,
        0.9994664739422208,
        0.013196795456524643
      ],
      [
        -0.16437506711802324,
        -0.00811020805537338,
        0.9863645684204411
      ],
      [
        0.9859453459775358,
        -0.0316384574656054,
        0.16404506318214726
      ]
    ],
    "scale": 0.4315016616939555,
    "anisotropic_scale_xyz": [
      0.40873270948721596,
      0.40873270948721596,
      0.46051939875414505
    ],
    "real_size_m": {
      "x": 0.02757731629213554,
      "y": 0.02790042759677031,
      "z": 0.05629406159256081
    },
    "confidence": 1.0666854104920416,
    "fitness": 0.44283333333333336,
    "rmse": 0.002282362540159863,
    "depth_score": 0.39992531740104553,
    "coverage": 0.6973312958435208,
    "silhouette_score": 0.8916396041310007,
    "posed_glb_opencv": "/Users/woo/Documents/GitHub/Robot-Lab/rb-multiview-calibration-pose-estimation/src/output/pose_per_object_v2/run_20260420_154121_sam_frame_000000/object_004_posed.glb",
    "posed_glb_isaac": "/Users/woo/Documents/GitHub/Robot-Lab/rb-multiview-calibration-pose-estimation/src/output/pose_per_object_v2/run_20260420_154121_sam_frame_000000/object_004_posed_isaac.glb"
  }
]