[
  {
    "frame_id": "000001",
    "object_name": "object_001",
    "label": "빨강 아치",
    "coordinate_frame": "base (= cam0)",
    "unit": "meter",
    "position_m": [
      -0.019276569169765632,
      0.046300539249096585,
      0.41805946300416197
    ],
    "quaternion_xyzw": [
      -0.1875103147910192,
      0.06308351097733468,
      0.9802195830750453,
      0.005470049901955791
    ],
    "euler_xyz_deg": [
      7.5166908587465135,
      21.610362455597944,
      -179.20288810260683
    ],
    "T_base_obj": [
      [
        -0.9296199208020863,
        -0.034381318071555096,
        -0.3669124252673735,
        -0.019276569169765632
      ],
      [
        -0.012933917934375903,
        -0.9919810983936859,
        0.1257227672163027,
        0.046300539249096585
      ],
      [
        -0.36829270507952,
        0.12162000410014952,
        0.9217207049794907,
        0.41805946300416197
      ],
      [
        0.0,
        0.0,
        0.0,
        1.0
      ]
    ],
    "rotation_matrix": [
      [
        -0.9296199208020863,
        -0.034381318071555096,
        -0.3669124252673735
      ],
      [
        -0.012933917934375903,
        -0.9919810983936859,
        0.1257227672163027
      ],
      [
        -0.36829270507952,
        0.12162000410014952,
        0.9217207049794907
      ]
    ],
    "scale": 0.6574577520703115,
    "anisotropic_scale_xyz": [
      0.7469093042785363,
      0.9046498083829403,
      0.5746502972759368
    ],
    "real_size_m": {
      "x": 0.0908101176811315,
      "y": 0.03591450714458925,
      "z": 0.04250914576608151
    },
    "confidence": 0.5474971331992486,
    "fitness": 0.93875,
    "rmse": 0.00914915961167086,
    "depth_score": 0.5993299832495812,
    "coverage": 0.8023873692679002,
    "silhouette_score": 0.22734362978845554,
    "posed_glb_opencv": "/Users/woo/Documents/GitHub/Robot-Lab/rb-multiview-calibration-pose-estimation/src/output/pose_per_object/object_001_posed_000001.glb",
    "posed_glb_isaac": "/Users/woo/Documents/GitHub/Robot-Lab/rb-multiview-calibration-pose-estimation/src/output/pose_per_object/object_001_posed_000001_isaac.glb"
  },
  {
    "frame_id": "000001",
    "object_name": "object_002",
    "label": "노랑 실린더",
    "coordinate_frame": "base (= cam0)",
    "unit": "meter",
    "position_m": [
      -0.19951756589704578,
      0.0355747978286545,
      0.46348957994690165
    ],
    "quaternion_xyzw": [
      0.6738452756016807,
      -0.20483710408961228,
      0.15268284662373774,
      0.6932980987168135
    ],
    "euler_xyz_deg": [
      89.47762254462697,
      -29.32714648566199,
      -4.232670475488398
    ],
    "T_base_obj": [
      [
        0.8694594182701073,
        -0.4877664842592463,
        -0.07825711989832895,
        -0.19951756589704578
      ],
      [
        -0.06434757517561343,
        0.04524098579233406,
        -0.9969015211010346,
        0.0355747978286545
      ],
      [
        0.4897955793496159,
        0.8718010725147751,
        0.007948610674952549,
        0.46348957994690165
      ],
      [
        0.0,
        0.0,
        0.0,
        1.0
      ]
    ],
    "rotation_matrix": [
      [
        0.8694594182701073,
        -0.4877664842592463,
        -0.07825711989832895
      ],
      [
        -0.06434757517561343,
        0.04524098579233406,
        -0.9969015211010346
      ],
      [
        0.4897955793496159,
        0.8718010725147751,
        0.007948610674952549
      ]
    ],
    "scale": 0.4324816653745958,
    "anisotropic_scale_xyz": [
      0.4124241986716902,
      0.23851553574651213,
      0.4767327640195597
    ],
    "real_size_m": {
      "x": 0.029345507466093324,
      "y": 0.016954463657214754,
      "z": 0.05828041957522668
    },
    "confidence": 0.6212380885011557,
    "fitness": 0.859,
    "rmse": 0.008306082679331547,
    "depth_score": 0.42565897858319607,
    "coverage": 0.7867305194805194,
    "silhouette_score": 0.5283088117574198,
    "posed_glb_opencv": "/Users/woo/Documents/GitHub/Robot-Lab/rb-multiview-calibration-pose-estimation/src/output/pose_per_object/object_002_posed_000001.glb",
    "posed_glb_isaac": "/Users/woo/Documents/GitHub/Robot-Lab/rb-multiview-calibration-pose-estimation/src/output/pose_per_object/object_002_posed_000001_isaac.glb"
  },
  {
    "frame_id": "000001",
    "object_name": "object_003",
    "label": "곤색 직사각형",
    "coordinate_frame": "base (= cam0)",
    "unit": "meter",
    "position_m": [
      -0.07719888741886038,
      0.026638699525163942,
      0.6241824738719565
    ],
    "quaternion_xyzw": [
      0.7248407193984627,
      -0.3067648355421986,
      0.24285595007409946,
      0.5670293243654102
    ],
    "euler_xyz_deg": [
      109.55075994882378,
      -44.4232395631932,
      -13.712488745281501
    ],
    "T_base_obj": [
      [
        0.693832646376749,
        -0.7201241787383892,
        0.004174448250696661,
        -0.07719888741886038
      ],
      [
        -0.16929839758384377,
        -0.1687461619689484,
        -0.9710112179559471,
        0.026638699525163942
      ],
      [
        0.6999530779969327,
        0.6730125556162451,
        -0.23899746564662583,
        0.6241824738719565
      ],
      [
        0.0,
        0.0,
        0.0,
        1.0
      ]
    ],
    "rotation_matrix": [
      [
        0.693832646376749,
        -0.7201241787383892,
        0.004174448250696661
      ],
      [
        -0.16929839758384377,
        -0.1687461619689484,
        -0.9710112179559471
      ],
      [
        0.6999530779969327,
        0.6730125556162451,
        -0.23899746564662583
      ]
    ],
    "scale": 0.6546878040328569,
    "anisotropic_scale_xyz": [
      0.7172650161411656,
      0.553767368822929,
      0.43477334936216905
    ],
    "real_size_m": {
      "x": 0.08758889389848475,
      "y": 0.030020738324402874,
      "z": 0.010198255181107199
    },
    "confidence": 0.5459725843463762,
    "fitness": 0.7055,
    "rmse": 0.009608723130237034,
    "depth_score": 0.9811794228356336,
    "coverage": 0.73275,
    "silhouette_score": 0.07477924944812363,
    "posed_glb_opencv": "/Users/woo/Documents/GitHub/Robot-Lab/rb-multiview-calibration-pose-estimation/src/output/pose_per_object/object_003_posed_000001.glb",
    "posed_glb_isaac": "/Users/woo/Documents/GitHub/Robot-Lab/rb-multiview-calibration-pose-estimation/src/output/pose_per_object/object_003_posed_000001_isaac.glb"
  },
  {
    "frame_id": "000001",
    "object_name": "object_004",
    "label": "민트 실린더",
    "coordinate_frame": "base (= cam0)",
    "unit": "meter",
    "position_m": [
      0.019217045456368893,
      0.017437022891891307,
      0.5728481977467822
    ],
    "quaternion_xyzw": [
      -0.6280037618426313,
      -0.16387074640404042,
      -0.19470066081003226,
      0.7354245755103804
    ],
    "euler_xyz_deg": [
      -79.61956801999006,
      -29.050128319190478,
      -5.286999263087067
    ],
    "T_base_obj": [
      [
        0.8704760623062388,
        0.49219819205101145,
        0.0035163466183716517,
        0.019217045456368893
      ],
      [
        -0.08055241126022261,
        0.13540585558328097,
        0.987510285168678,
        0.017437022891891307
      ],
      [
        0.4855746430694141,
        -0.8598873147194783,
        0.1575153071689727,
        0.5728481977467822
      ],
      [
        0.0,
        0.0,
        0.0,
        1.0
      ]
    ],
    "rotation_matrix": [
      [
        0.8704760623062388,
        0.49219819205101145,
        0.0035163466183716517
      ],
      [
        -0.08055241126022261,
        0.13540585558328097,
        0.987510285168678
      ],
      [
        0.4855746430694141,
        -0.8598873147194783,
        0.1575153071689727
      ]
    ],
    "scale": 0.3789564381725682,
    "anisotropic_scale_xyz": [
      0.20882709445638387,
      0.4193977452712989,
      0.4303133035733698
    ],
    "real_size_m": {
      "x": 0.0140875706506976,
      "y": 0.028616317022401503,
      "z": 0.05260102855126413
    },
    "confidence": 0.6424953712098329,
    "fitness": 0.96975,
    "rmse": 0.008246764175436253,
    "depth_score": 0.48956121726822366,
    "coverage": 0.857,
    "silhouette_score": 0.4657287625507916,
    "posed_glb_opencv": "/Users/woo/Documents/GitHub/Robot-Lab/rb-multiview-calibration-pose-estimation/src/output/pose_per_object/object_004_posed_000001.glb",
    "posed_glb_isaac": "/Users/woo/Documents/GitHub/Robot-Lab/rb-multiview-calibration-pose-estimation/src/output/pose_per_object/object_004_posed_000001_isaac.glb"
  }
]