[
  {
    "frame_id": "000000",
    "object_name": "object_001",
    "label": "빨강 아치",
    "coordinate_frame": "base (= cam0)",
    "unit": "meter",
    "position_m": [
      -0.004019865777823317,
      0.059105811406937075,
      0.4225574934878257
    ],
    "quaternion_xyzw": [
      0.2085482000798892,
      -0.07387913490206775,
      0.5120830048287446,
      0.8299521177966379
    ],
    "euler_xyz_deg": [
      16.692008558549865,
      -19.64675883010863,
      60.43920995811071
    ],
    "T_base_obj": [
      [
        0.4646257391833717,
        -0.8808234699051364,
        0.09095568895116247,
        -0.004019865777823317
      ],
      [
        0.819194027475994,
        0.38855728881800494,
        -0.4218345394275601,
        0.059105811406937075
      ],
      [
        0.33622026684298106,
        0.2705055418483641,
        0.9020990433391212,
        0.4225574934878257
      ],
      [
        0.0,
        0.0,
        0.0,
        1.0
      ]
    ],
    "rotation_matrix": [
      [
        0.4646257391833717,
        -0.8808234699051364,
        0.09095568895116247
      ],
      [
        0.819194027475994,
        0.38855728881800494,
        -0.4218345394275601
      ],
      [
        0.33622026684298106,
        0.2705055418483641,
        0.9020990433391212
      ]
    ],
    "scale": 0.9,
    "real_size_m": {
      "x": 0.10945256799459457,
      "y": 0.03575332649052143,
      "z": 0.06662663519382477
    },
    "confidence": 0.35164068325559233,
    "fitness": 0.50025,
    "rmse": 0.010506082646734012,
    "depth_score": 0.5221462009362622,
    "coverage": 0.27495,
    "silhouette_score": 0.10221196417137172,
    "posed_glb_opencv": "/Users/woo/Documents/GitHub/Robot-Lab/rb-multiview-calibration-pose-estimation/src/output/pose_per_object/object_001_posed_000000.glb",
    "posed_glb_isaac": "/Users/woo/Documents/GitHub/Robot-Lab/rb-multiview-calibration-pose-estimation/src/output/pose_per_object/object_001_posed_000000_isaac.glb"
  },
  {
    "frame_id": "000000",
    "object_name": "object_002",
    "label": "노랑 실린더",
    "coordinate_frame": "base (= cam0)",
    "unit": "meter",
    "position_m": [
      -0.08359857023852763,
      0.02599863194337445,
      0.6291758025358143
    ],
    "quaternion_xyzw": [
      0.7352929159443757,
      -0.10839727671065029,
      0.09000505412333487,
      0.6629430204746011
    ],
    "euler_xyz_deg": [
      96.26053296898412,
      -16.02654004952306,
      -2.3894359584609766
    ],
    "T_base_obj": [
      [
        0.9602982412679406,
        -0.27874394422301396,
        -0.011362278675402791,
        -0.08359857023852763
      ],
      [
        -0.04007105446899972,
        -0.09751316401145452,
        -0.9944272187738113,
        0.02599863194337445
      ],
      [
        0.2760825934597158,
        0.9554020077451544,
        -0.10481128367253617,
        0.6291758025358143
      ],
      [
        0.0,
        0.0,
        0.0,
        1.0
      ]
    ],
    "rotation_matrix": [
      [
        0.9602982412679406,
        -0.27874394422301396,
        -0.011362278675402791
      ],
      [
        -0.04007105446899972,
        -0.09751316401145452,
        -0.9944272187738113
      ],
      [
        0.2760825934597158,
        0.9554020077451544,
        -0.10481128367253617
      ]
    ],
    "scale": 0.9,
    "real_size_m": {
      "x": 0.06405276730656624,
      "y": 0.06399475112557411,
      "z": 0.11003237441182137
    },
    "confidence": 0.22135935436534068,
    "fitness": 0.2395,
    "rmse": 0.009569531665221535,
    "depth_score": 0.25095446503398827,
    "coverage": 0.1493,
    "silhouette_score": 0.2200737394944885,
    "posed_glb_opencv": "/Users/woo/Documents/GitHub/Robot-Lab/rb-multiview-calibration-pose-estimation/src/output/pose_per_object/object_002_posed_000000.glb",
    "posed_glb_isaac": "/Users/woo/Documents/GitHub/Robot-Lab/rb-multiview-calibration-pose-estimation/src/output/pose_per_object/object_002_posed_000000_isaac.glb"
  }
]