[
  {
    "frame_id": "000000",
    "object_name": "object_001",
    "label": "빨강 아치",
    "coordinate_frame": "base (= cam0)",
    "unit": "meter",
    "position_m": [
      -0.0203214675086398,
      0.04611091551997386,
      0.40485626601276803
    ],
    "quaternion_xyzw": [
      0.7560136480243039,
      -0.06826141109905688,
      0.029067645968921932,
      0.6503374629479489
    ],
    "euler_xyz_deg": [
      98.84682321734299,
      -7.627780691821643,
      -3.78366815199659
    ],
    "T_base_obj": [
      [
        0.988990903424609,
        -0.14102067511593225,
        -0.044834831685838246,
        -0.0203214675086398
      ],
      [
        -0.06540555858178787,
        -0.14480312808213286,
        -0.9872963926806573,
        0.04611091551997386
      ],
      [
        0.1327369799586683,
        0.9793595985565813,
        -0.15243251248819648,
        0.40485626601276803
      ],
      [
        0.0,
        0.0,
        0.0,
        1.0
      ]
    ],
    "rotation_matrix": [
      [
        0.988990903424609,
        -0.14102067511593225,
        -0.044834831685838246
      ],
      [
        -0.06540555858178787,
        -0.14480312808213286,
        -0.9872963926806573
      ],
      [
        0.1327369799586683,
        0.9793595985565813,
        -0.15243251248819648
      ]
    ],
    "scale": 0.5673333437292339,
    "anisotropic_scale_xyz": [
      0.7375333468480042,
      0.7375333468480042,
      0.5124153488468257
    ],
    "real_size_m": {
      "x": 0.08967749202536729,
      "y": 0.02927641527739824,
      "z": 0.03791058604713526
    },
    "confidence": 0.29046577406409435,
    "fitness": 0.4845,
    "rmse": 0.002842829246875533,
    "depth_score": 0.7650109714741672,
    "coverage": 0.4523592233009709,
    "silhouette_score": 0.29046577406409435,
    "posed_glb_opencv": "/Users/woo/Documents/GitHub/Robot-Lab/rb-multiview-calibration-pose-estimation/src/output/pose_per_object/frame_000000/object_001_posed.glb",
    "posed_glb_isaac": "/Users/woo/Documents/GitHub/Robot-Lab/rb-multiview-calibration-pose-estimation/src/output/pose_per_object/frame_000000/object_001_posed_isaac.glb"
  },
  {
    "frame_id": "000000",
    "object_name": "object_002",
    "label": "노랑 실린더",
    "coordinate_frame": "base (= cam0)",
    "unit": "meter",
    "position_m": [
      -0.05778316073867782,
      0.011029953348568183,
      0.6366641479767847
    ],
    "quaternion_xyzw": [
      0.48714042280476344,
      0.5821601710129671,
      -0.5176923500537064,
      0.39468769229812556
    ],
    "euler_xyz_deg": [
      -124.9349511147854,
      74.56234024193633,
      143.4469166763885
    ],
    "T_base_obj": [
      [
        -0.21383166803474413,
        0.9758411016198186,
        -0.04483483168583825,
        -0.05778316073867782
      ],
      [
        0.158533905768329,
        -0.01062232166889938,
        -0.9872963926806572,
        0.011029953348568183
      ],
      [
        -0.9639206494650168,
        -0.21822307547561673,
        -0.15243251248819645,
        0.6366641479767847
      ],
      [
        0.0,
        0.0,
        0.0,
        1.0
      ]
    ],
    "rotation_matrix": [
      [
        -0.21383166803474413,
        0.9758411016198186,
        -0.04483483168583825
      ],
      [
        0.158533905768329,
        -0.01062232166889938,
        -0.9872963926806572
      ],
      [
        -0.9639206494650168,
        -0.21822307547561673,
        -0.15243251248819645
      ]
    ],
    "scale": 0.38931388406034456,
    "anisotropic_scale_xyz": [
      0.33080768331772875,
      0.33080768331772875,
      0.4423540498232069
    ],
    "real_size_m": {
      "x": 0.02353853654884605,
      "y": 0.023510148026413345,
      "z": 0.054072063521057485
    },
    "confidence": 0.621409004314447,
    "fitness": 0.4056666666666667,
    "rmse": 0.002151603820140489,
    "depth_score": 0.3923444976076555,
    "coverage": 0.6696633941093969,
    "silhouette_score": 0.621409004314447,
    "posed_glb_opencv": "/Users/woo/Documents/GitHub/Robot-Lab/rb-multiview-calibration-pose-estimation/src/output/pose_per_object/frame_000000/object_002_posed.glb",
    "posed_glb_isaac": "/Users/woo/Documents/GitHub/Robot-Lab/rb-multiview-calibration-pose-estimation/src/output/pose_per_object/frame_000000/object_002_posed_isaac.glb"
  },
  {
    "frame_id": "000000",
    "object_name": "object_003",
    "label": "곤색 직사각형",
    "coordinate_frame": "base (= cam0)",
    "unit": "meter",
    "position_m": [
      -0.15458673828377084,
      0.04584012175341811,
      0.5203452858023377
    ],
    "quaternion_xyzw": [
      0.04415817931565633,
      0.951949225069867,
      0.06634650599842447,
      0.29570402301999027
    ],
    "euler_xyz_deg": [
      169.42282779791893,
      33.857615065544834,
      171.46051491221547
    ],
    "T_base_obj": [
      [
        -0.8212183719387975,
        0.04483483168583824,
        0.5688499129451532,
        -0.15458673828377084
      ],
      [
        0.1233105466341336,
        0.9872963926806568,
        0.1002015073967231,
        0.04584012175341811
      ],
      [
        -0.5571309493094008,
        0.1524325124881964,
        -0.8163145438213777,
        0.5203452858023377
      ],
      [
        0.0,
        0.0,
        0.0,
        1.0
      ]
    ],
    "rotation_matrix": [
      [
        -0.8212183719387975,
        0.04483483168583824,
        0.5688499129451532
      ],
      [
        0.1233105466341336,
        0.9872963926806568,
        0.1002015073967231
      ],
      [
        -0.5571309493094008,
        0.1524325124881964,
        -0.8163145438213777
      ]
    ],
    "scale": 0.5113189325488905,
    "anisotropic_scale_xyz": [
      0.6647146123135577,
      0.5090710885829259,
      0.5113189325488905
    ],
    "real_size_m": {
      "x": 0.0811721535777092,
      "y": 0.027606769060515353,
      "z": 0.011987665826313148
    },
    "confidence": 0.5226174916509299,
    "fitness": 0.38716666666666666,
    "rmse": 0.002132282317824424,
    "depth_score": 0.5407171314741036,
    "coverage": 0.600407878017789,
    "silhouette_score": 0.5226174916509299,
    "posed_glb_opencv": "/Users/woo/Documents/GitHub/Robot-Lab/rb-multiview-calibration-pose-estimation/src/output/pose_per_object/frame_000000/object_003_posed.glb",
    "posed_glb_isaac": "/Users/woo/Documents/GitHub/Robot-Lab/rb-multiview-calibration-pose-estimation/src/output/pose_per_object/frame_000000/object_003_posed_isaac.glb"
  },
  {
    "frame_id": "000000",
    "object_name": "object_004",
    "label": "민트 실린더",
    "coordinate_frame": "base (= cam0)",
    "unit": "meter",
    "position_m": [
      0.021201793959696152,
      0.020700271069796914,
      0.574853706411164
    ],
    "quaternion_xyzw": [
      0.5641486801595982,
      -0.5078902666112378,
      0.4131649461667301,
      0.5030690519350123
    ],
    "euler_xyz_deg": [
      135.85947754871196,
      -77.73638719567244,
      -47.79841877016128
    ],
    "T_base_obj": [
      [
        0.14268440868191637,
        -0.9887522426694986,
        -0.04483483168583825,
        0.021201793959696152
      ],
      [
        -0.15735025162747984,
        0.02206198786653515,
        -0.9872963926806572,
        0.020700271069796914
      ],
      [
        0.9771806679581672,
        0.14792657402949583,
        -0.15243251248819645,
        0.574853706411164
      ],
      [
        0.0,
        0.0,
        0.0,
        1.0
      ]
    ],
    "rotation_matrix": [
      [
        0.14268440868191637,
        -0.9887522426694986,
        -0.04483483168583825
      ],
      [
        -0.15735025162747984,
        0.02206198786653515,
        -0.9872963926806572
      ],
      [
        0.9771806679581672,
        0.14792657402949583,
        -0.15243251248819645
      ]
    ],
    "scale": 0.3694354539521451,
    "anisotropic_scale_xyz": [
      0.32785734893907775,
      0.32785734893907775,
      0.4379641011670078
    ],
    "real_size_m": {
      "x": 0.02210880913039191,
      "y": 0.022402900823101212,
      "z": 0.05354004837312769
    },
    "confidence": 0.5124927459990878,
    "fitness": 0.4038333333333333,
    "rmse": 0.002094526125669179,
    "depth_score": 0.43081718390025747,
    "coverage": 0.6373549382716049,
    "silhouette_score": 0.5124927459990878,
    "posed_glb_opencv": "/Users/woo/Documents/GitHub/Robot-Lab/rb-multiview-calibration-pose-estimation/src/output/pose_per_object/frame_000000/object_004_posed.glb",
    "posed_glb_isaac": "/Users/woo/Documents/GitHub/Robot-Lab/rb-multiview-calibration-pose-estimation/src/output/pose_per_object/frame_000000/object_004_posed_isaac.glb"
  }
]