[
  {
    "frame_id": "000000",
    "object_name": "object_001",
    "label": "빨강 아치",
    "coordinate_frame": "base (= cam0)",
    "unit": "meter",
    "position_m": [
      -0.017017476239685685,
      0.05307689195898745,
      0.4064090777975171
    ],
    "quaternion_xyzw": [
      -0.0002475835034042265,
      0.6487079251245671,
      0.7603914362133648,
      0.03135012466265689
    ],
    "euler_xyz_deg": [
      80.88076602575184,
      2.352691194203242,
      177.28342217724952
    ],
    "T_base_obj": [
      [
        -0.9980342167711111,
        -0.047997951397939456,
        0.04029762789306413,
        -0.017017476239685685
      ],
      [
        0.047355513873629525,
        -0.15639039512823033,
        0.9865594252823421,
        0.05307689195898745
      ],
      [
        -0.04105066939506151,
        0.9865283781885312,
        0.15835593316565894,
        0.4064090777975171
      ],
      [
        0.0,
        0.0,
        0.0,
        1.0
      ]
    ],
    "rotation_matrix": [
      [
        -0.9980342167711111,
        -0.047997951397939456,
        0.04029762789306413
      ],
      [
        0.047355513873629525,
        -0.15639039512823033,
        0.9865594252823421
      ],
      [
        -0.04105066939506151,
        0.9865283781885312,
        0.15835593316565894
      ]
    ],
    "scale": 0.5893773473297202,
    "anisotropic_scale_xyz": [
      0.7367041008399713,
      0.7661905515286364,
      0.503433377533833
    ],
    "real_size_m": {
      "x": 0.08957739765143126,
      "y": 0.030424643700067023,
      "z": 0.03724501062183392
    },
    "confidence": 0.6074656823260933,
    "fitness": 0.47883333333333333,
    "rmse": 0.002593374400681468,
    "depth_score": 0.7155172413793104,
    "coverage": 0.4731377551020408,
    "silhouette_score": 0.6074656823260933,
    "posed_glb_opencv": "/Users/woo/Documents/GitHub/Robot-Lab/rb-multiview-calibration-pose-estimation/src/output/pose_per_object/frame_000000/object_001_posed.glb",
    "posed_glb_isaac": "/Users/woo/Documents/GitHub/Robot-Lab/rb-multiview-calibration-pose-estimation/src/output/pose_per_object/frame_000000/object_001_posed_isaac.glb"
  },
  {
    "frame_id": "000000",
    "object_name": "object_002",
    "label": "노랑 실린더",
    "coordinate_frame": "base (= cam0)",
    "unit": "meter",
    "position_m": [
      -0.058912566913446034,
      0.018167921769797694,
      0.6328322938216708
    ],
    "quaternion_xyzw": [
      0.6567987516289115,
      0.3844390282508306,
      -0.3502717660815198,
      0.5460143984387166
    ],
    "euler_xyz_deg": [
      109.47006855409236,
      61.6344760981283,
      14.941040706249275
    ],
    "T_base_obj": [
      [
        0.4590326468870293,
        0.887505002959407,
        -0.040297627893064084,
        -0.058912566913446034
      ],
      [
        0.12249129236929344,
        -0.10814982050974924,
        -0.9865594252823415,
        0.018167921769797694
      ],
      [
        -0.879934606878255,
        0.4479268757792138,
        -0.1583559331656589,
        0.6328322938216708
      ],
      [
        0.0,
        0.0,
        0.0,
        1.0
      ]
    ],
    "rotation_matrix": [
      [
        0.4590326468870293,
        0.887505002959407,
        -0.040297627893064084
      ],
      [
        0.12249129236929344,
        -0.10814982050974924,
        -0.9865594252823415
      ],
      [
        -0.879934606878255,
        0.4479268757792138,
        -0.1583559331656589
      ]
    ],
    "scale": 0.26354445732361403,
    "anisotropic_scale_xyz": [
      0.3426077945206983,
      0.3426077945206983,
      0.3426077945206983
    ],
    "real_size_m": {
      "x": 0.024376154776002502,
      "y": 0.0243502825144988,
      "z": 0.0418734253085618
    },
    "confidence": 0.7958885052281581,
    "fitness": 0.41883333333333334,
    "rmse": 0.0021596121603263984,
    "depth_score": 0.3510771685854326,
    "coverage": 0.685,
    "silhouette_score": 0.7958885052281581,
    "posed_glb_opencv": "/Users/woo/Documents/GitHub/Robot-Lab/rb-multiview-calibration-pose-estimation/src/output/pose_per_object/frame_000000/object_002_posed.glb",
    "posed_glb_isaac": "/Users/woo/Documents/GitHub/Robot-Lab/rb-multiview-calibration-pose-estimation/src/output/pose_per_object/frame_000000/object_002_posed_isaac.glb"
  },
  {
    "frame_id": "000000",
    "object_name": "object_003",
    "label": "곤색 직사각형",
    "coordinate_frame": "base (= cam0)",
    "unit": "meter",
    "position_m": [
      -0.1439848305847677,
      0.04646758085319335,
      0.5234026013788008
    ],
    "quaternion_xyzw": [
      0.07110660935642056,
      -0.26743789984463656,
      -0.04079384100174558,
      0.9600816019322774
    ],
    "euler_xyz_deg": [
      10.591752069240112,
      -30.51227800230885,
      -7.762565598892992
    ],
    "T_base_obj": [
      [
        0.8536256645255333,
        0.04029762789306413,
        -0.5193258380315511,
        -0.1439848305847677
      ],
      [
        -0.11636403697860703,
        0.9865594252823419,
        -0.1147166565094299,
        0.04646758085319335
      ],
      [
        0.5077229911683792,
        0.15835593316565896,
        0.8468416396638407,
        0.5234026013788008
      ],
      [
        0.0,
        0.0,
        0.0,
        1.0
      ]
    ],
    "rotation_matrix": [
      [
        0.8536256645255333,
        0.04029762789306413,
        -0.5193258380315511
      ],
      [
        -0.11636403697860703,
        0.9865594252823419,
        -0.1147166565094299
      ],
      [
        0.5077229911683792,
        0.15835593316565896,
        0.8468416396638407
      ]
    ],
    "scale": 0.3889147576725123,
    "anisotropic_scale_xyz": [
      0.5055891849742661,
      0.5055891849742661,
      0.46126710540173677
    ],
    "real_size_m": {
      "x": 0.0617464419922445,
      "y": 0.027413978578114534,
      "z": 0.010812585535844566
    },
    "confidence": 0.598604191407778,
    "fitness": 0.4045,
    "rmse": 0.0020594994736641515,
    "depth_score": 0.48600636835930955,
    "coverage": 0.6247290343074968,
    "silhouette_score": 0.598604191407778,
    "posed_glb_opencv": "/Users/woo/Documents/GitHub/Robot-Lab/rb-multiview-calibration-pose-estimation/src/output/pose_per_object/frame_000000/object_003_posed.glb",
    "posed_glb_isaac": "/Users/woo/Documents/GitHub/Robot-Lab/rb-multiview-calibration-pose-estimation/src/output/pose_per_object/frame_000000/object_003_posed_isaac.glb"
  },
  {
    "frame_id": "000000",
    "object_name": "object_004",
    "label": "민트 실린더",
    "coordinate_frame": "base (= cam0)",
    "unit": "meter",
    "position_m": [
      0.021467405390264187,
      0.0202533642342315,
      0.5758421240099043
    ],
    "quaternion_xyzw": [
      -0.49176904114004116,
      -0.4230664765649285,
      -0.5194563391268742,
      0.5561861903392129
    ],
    "euler_xyz_deg": [
      -34.17093085448771,
      -78.96563270148567,
      -57.669575761336205
    ],
    "T_base_obj": [
      [
        0.10235973629580632,
        0.9939308756486783,
        0.040297627893064125,
        0.021467405390264187
      ],
      [
        -0.16172689357529285,
        -0.02334335616757923,
        0.9865594252823421,
        0.0202533642342315
      ],
      [
        0.9815125553348387,
        -0.10750117278941082,
        0.15835593316565896,
        0.5758421240099043
      ],
      [
        0.0,
        0.0,
        0.0,
        1.0
      ]
    ],
    "rotation_matrix": [
      [
        0.10235973629580632,
        0.9939308756486783,
        0.040297627893064125
      ],
      [
        -0.16172689357529285,
        -0.02334335616757923,
        0.9865594252823421
      ],
      [
        0.9815125553348387,
        -0.10750117278941082,
        0.15835593316565896
      ]
    ],
    "scale": 0.34941544709849715,
    "anisotropic_scale_xyz": [
      0.3276911404400654,
      0.3276911404400654,
      0.42640349326998844
    ],
    "real_size_m": {
      "x": 0.022102282244807762,
      "y": 0.022362519875179485,
      "z": 0.05212645899182083
    },
    "confidence": 0.5163868307083418,
    "fitness": 0.4126666666666667,
    "rmse": 0.002071649531017372,
    "depth_score": 0.43948452238607677,
    "coverage": 0.6575143312101911,
    "silhouette_score": 0.5163868307083418,
    "posed_glb_opencv": "/Users/woo/Documents/GitHub/Robot-Lab/rb-multiview-calibration-pose-estimation/src/output/pose_per_object/frame_000000/object_004_posed.glb",
    "posed_glb_isaac": "/Users/woo/Documents/GitHub/Robot-Lab/rb-multiview-calibration-pose-estimation/src/output/pose_per_object/frame_000000/object_004_posed_isaac.glb"
  }
]