[
  {
    "frame_id": "000000",
    "object_name": "object_001",
    "label": "빨강 아치",
    "coordinate_frame": "base (= cam0)",
    "unit": "meter",
    "position_m": [
      0.016418158414199087,
      0.054036447364806055,
      0.4216613273651177
    ],
    "quaternion_xyzw": [
      0.6730517847078428,
      0.3498769318946275,
      -0.3298866451805587,
      0.5619272452560973
    ],
    "euler_xyz_deg": [
      106.01204343629642,
      56.85319771351235,
      10.562046769098416
    ],
    "T_base_obj": [
      [
        0.5375218677192269,
        0.8417151744255654,
        -0.05085082954328102,
        0.016418158414199087
      ],
      [
        0.10022599933181774,
        -0.1236478071323372,
        -0.9872517251670444,
        0.054036447364806055
      ],
      [
        -0.8372723516153003,
        0.5255728160124563,
        -0.1508251447387181,
        0.4216613273651177
      ],
      [
        0.0,
        0.0,
        0.0,
        1.0
      ]
    ],
    "rotation_matrix": [
      [
        0.5375218677192269,
        0.8417151744255654,
        -0.05085082954328102
      ],
      [
        0.10022599933181774,
        -0.1236478071323372,
        -0.9872517251670444
      ],
      [
        -0.8372723516153003,
        0.5255728160124563,
        -0.1508251447387181
      ]
    ],
    "scale": 0.26750801577152655,
    "anisotropic_scale_xyz": [
      0.25110140803765374,
      0.24975260394179005,
      0.26750801577152655
    ],
    "real_size_m": {
      "x": 0.03052915333384626,
      "y": 0.009916727337794659,
      "z": 0.01979330377348089
    },
    "confidence": 0.7487627448190829,
    "fitness": 0.44133333333333336,
    "rmse": 0.002799062761134079,
    "depth_score": 0.9196428571428571,
    "coverage": 0.5055648148148149,
    "silhouette_score": 0.7487627448190829,
    "posed_glb_opencv": "/Users/woo/Documents/GitHub/Robot-Lab/rb-multiview-calibration-pose-estimation/src/output/pose_per_object/frame_000000/object_001_posed.glb",
    "posed_glb_isaac": "/Users/woo/Documents/GitHub/Robot-Lab/rb-multiview-calibration-pose-estimation/src/output/pose_per_object/frame_000000/object_001_posed_isaac.glb"
  },
  {
    "frame_id": "000000",
    "object_name": "object_002",
    "label": "노랑 실린더",
    "coordinate_frame": "base (= cam0)",
    "unit": "meter",
    "position_m": [
      -0.05752348742797193,
      0.022533757852176206,
      0.633053183494531
    ],
    "quaternion_xyzw": [
      0.5145740962019384,
      0.5573383818546448,
      -0.5008578421111385,
      0.41680792893775187
    ],
    "euler_xyz_deg": [
      -139.38583634077412,
      78.53982850180391,
      128.236621813937
    ],
    "T_base_obj": [
      [
        -0.1229692997853627,
        0.9911068279681228,
        -0.050850829543281004,
        -0.05752348742797193
      ],
      [
        0.15606074851582544,
        -0.03129015697290812,
        -0.987251725167044,
        0.022533757852176206
      ],
      [
        -0.9800630561750134,
        -0.129337471876665,
        -0.15082514473871808,
        0.633053183494531
      ],
      [
        0.0,
        0.0,
        0.0,
        1.0
      ]
    ],
    "rotation_matrix": [
      [
        -0.1229692997853627,
        0.9911068279681228,
        -0.050850829543281004
      ],
      [
        0.15606074851582544,
        -0.03129015697290812,
        -0.987251725167044
      ],
      [
        -0.9800630561750134,
        -0.129337471876665,
        -0.15082514473871808
      ]
    ],
    "scale": 0.22103176084678505,
    "anisotropic_scale_xyz": [
      0.2873412891008206,
      0.2873412891008206,
      0.2873412891008206
    ],
    "real_size_m": {
      "x": 0.020438372046974608,
      "y": 0.020418698214808614,
      "z": 0.03511944768471164
    },
    "confidence": 0.7271746260539445,
    "fitness": 0.5191666666666667,
    "rmse": 0.0022908816158051255,
    "depth_score": 0.3883446370258729,
    "coverage": 0.6160395683453237,
    "silhouette_score": 0.7271746260539445,
    "posed_glb_opencv": "/Users/woo/Documents/GitHub/Robot-Lab/rb-multiview-calibration-pose-estimation/src/output/pose_per_object/frame_000000/object_002_posed.glb",
    "posed_glb_isaac": "/Users/woo/Documents/GitHub/Robot-Lab/rb-multiview-calibration-pose-estimation/src/output/pose_per_object/frame_000000/object_002_posed_isaac.glb"
  },
  {
    "frame_id": "000000",
    "object_name": "object_003",
    "label": "곤색 직사각형",
    "coordinate_frame": "base (= cam0)",
    "unit": "meter",
    "position_m": [
      -0.16521460305652708,
      0.04960483256482873,
      0.5076266979721114
    ],
    "quaternion_xyzw": [
      0.05210765044187178,
      0.923496973142919,
      0.06048909142083701,
      0.37520554790724553
    ],
    "euler_xyz_deg": [
      168.0253543540733,
      43.36933033962255,
      168.76488403019016
    ],
    "T_base_obj": [
      [
        -0.713011179169486,
        0.05085082954328101,
        0.6993062644584567,
        -0.16521460305652708
      ],
      [
        0.14163420029926244,
        0.9872517251670438,
        0.07262082660217568,
        0.04960483256482873
      ],
      [
        -0.6866984867352334,
        0.15082514473871808,
        -0.7111237332765974,
        0.5076266979721114
      ],
      [
        0.0,
        0.0,
        0.0,
        1.0
      ]
    ],
    "rotation_matrix": [
      [
        -0.713011179169486,
        0.05085082954328101,
        0.6993062644584567
      ],
      [
        0.14163420029926244,
        0.9872517251670438,
        0.07262082660217568
      ],
      [
        -0.6866984867352334,
        0.15082514473871808,
        -0.7111237332765974
      ]
    ],
    "scale": 0.46151612117012397,
    "anisotropic_scale_xyz": [
      0.5999709575211611,
      0.40174287665097136,
      0.5999709575211611
    ],
    "real_size_m": {
      "x": 0.07326879208176514,
      "y": 0.02178337350828678,
      "z": 0.014069398660119914
    },
    "confidence": 0.6522894769408863,
    "fitness": 0.36333333333333334,
    "rmse": 0.002064403554017718,
    "depth_score": 0.5777177061208728,
    "coverage": 0.6032942092154421,
    "silhouette_score": 0.6522894769408863,
    "posed_glb_opencv": "/Users/woo/Documents/GitHub/Robot-Lab/rb-multiview-calibration-pose-estimation/src/output/pose_per_object/frame_000000/object_003_posed.glb",
    "posed_glb_isaac": "/Users/woo/Documents/GitHub/Robot-Lab/rb-multiview-calibration-pose-estimation/src/output/pose_per_object/frame_000000/object_003_posed_isaac.glb"
  },
  {
    "frame_id": "000000",
    "object_name": "object_004",
    "label": "민트 실린더",
    "coordinate_frame": "base (= cam0)",
    "unit": "meter",
    "position_m": [
      0.019592047316508168,
      0.024156634705558254,
      0.5722372224471719
    ],
    "quaternion_xyzw": [
      0.13579983200177517,
      0.6372957188454821,
      0.7490528341029203,
      -0.1197181026073037
    ],
    "euler_xyz_deg": [
      80.71175810251296,
      -20.856839374087002,
      -179.61610950004433
    ],
    "T_base_obj": [
      [
        -0.9344519630714775,
        0.3524396712109089,
        0.05085082954328104,
        0.019592047316508168
      ],
      [
        -0.006261064993668566,
        -0.159043485298507,
        0.9872517251670446,
        0.024156634705558254
      ],
      [
        0.35603416658369236,
        0.9222209322819089,
        0.15082514473871814,
        0.5722372224471719
      ],
      [
        0.0,
        0.0,
        0.0,
        1.0
      ]
    ],
    "rotation_matrix": [
      [
        -0.9344519630714775,
        0.3524396712109089,
        0.05085082954328104
      ],
      [
        -0.006261064993668566,
        -0.159043485298507,
        0.9872517251670446
      ],
      [
        0.35603416658369236,
        0.9222209322819089,
        0.15082514473871814
      ]
    ],
    "scale": 0.3015103325457579,
    "anisotropic_scale_xyz": [
      0.39196343230948527,
      0.39196343230948527,
      0.3712208858545314
    ],
    "real_size_m": {
      "x": 0.026429660772498566,
      "y": 0.026774983956323634,
      "z": 0.04537975003421163
    },
    "confidence": 0.6292626665947537,
    "fitness": 0.4013333333333333,
    "rmse": 0.002230661953395228,
    "depth_score": 0.3977583378895571,
    "coverage": 0.6839004723346829,
    "silhouette_score": 0.6292626665947537,
    "posed_glb_opencv": "/Users/woo/Documents/GitHub/Robot-Lab/rb-multiview-calibration-pose-estimation/src/output/pose_per_object/frame_000000/object_004_posed.glb",
    "posed_glb_isaac": "/Users/woo/Documents/GitHub/Robot-Lab/rb-multiview-calibration-pose-estimation/src/output/pose_per_object/frame_000000/object_004_posed_isaac.glb"
  }
]