[
  {
    "frame_id": "000000",
    "object_name": "object_001",
    "label": "빨강 아치",
    "coordinate_frame": "base (= cam0)",
    "unit": "meter",
    "position_m": [
      -0.01117476869789475,
      0.05873037085737352,
      0.4054071665917049
    ],
    "quaternion_xyzw": [
      0.9862553655564381,
      -0.03437789257023223,
      0.1422785645463528,
      -0.07665066525605246
    ],
    "euler_xyz_deg": [
      -170.36035524440643,
      -15.984411749135086,
      -5.349264912352684
    ],
    "T_base_obj": [
      [
        0.9571499411401606,
        -0.04599926875896816,
        0.2859161720405648,
        -0.01117476869789475
      ],
      [
        -0.08962225525622765,
        -0.9858856720246364,
        0.14141178534982746,
        0.05873037085737352
      ],
      [
        0.27537581870605504,
        -0.1609767341766156,
        -0.9477629711673621,
        0.4054071665917049
      ],
      [
        0.0,
        0.0,
        0.0,
        1.0
      ]
    ],
    "rotation_matrix": [
      [
        0.9571499411401606,
        -0.04599926875896816,
        0.2859161720405648
      ],
      [
        -0.08962225525622765,
        -0.9858856720246364,
        0.14141178534982746
      ],
      [
        0.27537581870605504,
        -0.1609767341766156,
        -0.9477629711673621
      ]
    ],
    "scale": 0.5583128849200913,
    "anisotropic_scale_xyz": [
      0.7258067503961187,
      0.7258067503961187,
      0.7258067503961187
    ],
    "real_size_m": {
      "x": 0.08825295585329744,
      "y": 0.02881154701438442,
      "z": 0.053682133412022714
    },
    "confidence": 0.8486028813707726,
    "fitness": 0.45516666666666666,
    "rmse": 0.0030205278689848366,
    "depth_score": 0.35621598995395565,
    "coverage": 0.514,
    "silhouette_score": 0.7074602041325354,
    "posed_glb_opencv": "/Users/woo/Documents/GitHub/Robot-Lab/rb-multiview-calibration-pose-estimation/src/output/pose_per_object_v2/frame_000000/object_001_posed.glb",
    "posed_glb_isaac": "/Users/woo/Documents/GitHub/Robot-Lab/rb-multiview-calibration-pose-estimation/src/output/pose_per_object_v2/frame_000000/object_001_posed_isaac.glb"
  },
  {
    "frame_id": "000000",
    "object_name": "object_002",
    "label": "노랑 실린더",
    "coordinate_frame": "base (= cam0)",
    "unit": "meter",
    "position_m": [
      -0.0656756895114674,
      0.00969821244676911,
      0.6339553182806948
    ],
    "quaternion_xyzw": [
      -0.3322532091196808,
      0.5559851058620183,
      0.6350888786747035,
      0.42089248422011727
    ],
    "euler_xyz_deg": [
      69.322283323811,
      62.878341665140866,
      158.76026899772785
    ],
    "T_base_obj": [
      [
        -0.4249146435119832,
        -0.9040639429816141,
        0.04599926875942821,
        -0.0656756895114674
      ],
      [
        0.16515260040095178,
        -0.027460157573376307,
        0.9858856720344965,
        0.00969821244676911
      ],
      [
        -0.890040540822407,
        0.4265141577310505,
        0.16097673417822556,
        0.6339553182806948
      ],
      [
        0.0,
        0.0,
        0.0,
        1.0
      ]
    ],
    "rotation_matrix": [
      [
        -0.4249146435119832,
        -0.9040639429816141,
        0.04599926875942821
      ],
      [
        0.16515260040095178,
        -0.027460157573376307,
        0.9858856720344965
      ],
      [
        -0.890040540822407,
        0.4265141577310505,
        0.16097673417822556
      ]
    ],
    "scale": 0.45715130688510497,
    "anisotropic_scale_xyz": [
      0.3823241469362534,
      0.3823241469362534,
      0.44355532156792227
    ],
    "real_size_m": {
      "x": 0.027200979298352412,
      "y": 0.027169126423651397,
      "z": 0.054221685563864405
    },
    "confidence": 1.0647047875054152,
    "fitness": 0.532,
    "rmse": 0.0023045525021939107,
    "depth_score": 0.4361977816937908,
    "coverage": 0.7290658198614319,
    "silhouette_score": 0.8869776196256091,
    "posed_glb_opencv": "/Users/woo/Documents/GitHub/Robot-Lab/rb-multiview-calibration-pose-estimation/src/output/pose_per_object_v2/frame_000000/object_002_posed.glb",
    "posed_glb_isaac": "/Users/woo/Documents/GitHub/Robot-Lab/rb-multiview-calibration-pose-estimation/src/output/pose_per_object_v2/frame_000000/object_002_posed_isaac.glb"
  },
  {
    "frame_id": "000000",
    "object_name": "object_003",
    "label": "곤색 직사각형",
    "coordinate_frame": "base (= cam0)",
    "unit": "meter",
    "position_m": [
      -0.16224210259289767,
      0.04441024504680267,
      0.5115777195203088
    ],
    "quaternion_xyzw": [
      0.04621809424286877,
      0.9507041378364526,
      0.07015020845530791,
      0.29850373250410406
    ],
    "euler_xyz_deg": [
      168.78597760243665,
      34.131423143469114,
      170.98103489242857
    ],
    "T_base_obj": [
      [
        -0.8175188188840133,
        0.04599926875878422,
        0.5740618851853875,
        -0.16224210259289767
      ],
      [
        0.1297596649984383,
        0.9858856720206941,
        0.10579163961510546,
        0.04441024504680267
      ],
      [
        -0.5610930494106021,
        0.1609767341759719,
        -0.8119489398638559,
        0.5115777195203088
      ],
      [
        0.0,
        0.0,
        0.0,
        1.0
      ]
    ],
    "rotation_matrix": [
      [
        -0.8175188188840133,
        0.04599926875878422,
        0.5740618851853875
      ],
      [
        0.1297596649984383,
        0.9858856720206941,
        0.10579163961510546
      ],
      [
        -0.5610930494106021,
        0.1609767341759719,
        -0.8119489398638559
      ]
    ],
    "scale": 0.5561918626605205,
    "anisotropic_scale_xyz": [
      0.7230494214586766,
      0.5416240357004436,
      0.5561918626605205
    ],
    "real_size_m": {
      "x": 0.08830347216980443,
      "y": 0.029369973944337574,
      "z": 0.01303756815012989
    },
    "confidence": 0.925379829342953,
    "fitness": 0.4686666666666667,
    "rmse": 0.0020031561927192827,
    "depth_score": 0.5229962181285837,
    "coverage": 0.6537537878787879,
    "silhouette_score": 0.7704599091068086,
    "posed_glb_opencv": "/Users/woo/Documents/GitHub/Robot-Lab/rb-multiview-calibration-pose-estimation/src/output/pose_per_object_v2/frame_000000/object_003_posed.glb",
    "posed_glb_isaac": "/Users/woo/Documents/GitHub/Robot-Lab/rb-multiview-calibration-pose-estimation/src/output/pose_per_object_v2/frame_000000/object_003_posed_isaac.glb"
  },
  {
    "frame_id": "000000",
    "object_name": "object_004",
    "label": "민트 실린더",
    "coordinate_frame": "base (= cam0)",
    "unit": "meter",
    "position_m": [
      0.22788684054008307,
      -0.013911119259695712,
      0.6879966811391668
    ],
    "quaternion_xyzw": [
      0.7809178462822217,
      -0.05766077292509791,
      0.620171705108886,
      -0.047218733633520776
    ],
    "euler_xyz_deg": [
      -147.30439558239198,
      -74.39965919540901,
      -33.549616502139635
    ],
    "T_base_obj": [
      [
        0.22412458289542875,
        -0.03148920811404181,
        0.9740516419132663,
        0.22788684054008307
      ],
      [
        -0.14862409831614246,
        -0.988891252917477,
        0.0022287438208425494,
        -0.013911119259695712
      ],
      [
        0.9631609672000276,
        -0.1452670632719441,
        -0.22631489475292285,
        0.6879966811391668
      ],
      [
        0.0,
        0.0,
        0.0,
        1.0
      ]
    ],
    "rotation_matrix": [
      [
        0.22412458289542875,
        -0.03148920811404181,
        0.9740516419132663
      ],
      [
        -0.14862409831614246,
        -0.988891252917477,
        0.0022287438208425494
      ],
      [
        0.9631609672000276,
        -0.1452670632719441,
        -0.22631489475292285
      ]
    ],
    "scale": 0.7560890160971826,
    "anisotropic_scale_xyz": [
      0.9829157209263374,
      0.9829157209263374,
      0.9829157209263374
    ],
    "real_size_m": {
      "x": 0.0663304709131606,
      "y": 0.06714152632891891,
      "z": 0.12015080355762633
    },
    "confidence": 1.0419735917500725,
    "fitness": 0.22433333333333333,
    "rmse": 0.0041392476810404675,
    "depth_score": 0.4834152334152334,
    "coverage": 0.45719196025293585,
    "silhouette_score": 0.8657457849758541,
    "posed_glb_opencv": "/Users/woo/Documents/GitHub/Robot-Lab/rb-multiview-calibration-pose-estimation/src/output/pose_per_object_v2/frame_000000/object_004_posed.glb",
    "posed_glb_isaac": "/Users/woo/Documents/GitHub/Robot-Lab/rb-multiview-calibration-pose-estimation/src/output/pose_per_object_v2/frame_000000/object_004_posed_isaac.glb"
  }
]