[
  {
    "frame_id": "000000",
    "object_name": "object_001",
    "label": "빨강 아치",
    "coordinate_frame": "base (= cam0)",
    "unit": "meter",
    "position_m": [
      -0.01688110743220339,
      0.04861490859319805,
      0.4100265324306645
    ],
    "quaternion_xyzw": [
      0.09575905144069258,
      -0.11489743395856573,
      0.011862481312448646,
      0.9886799609954819
    ],
    "euler_xyz_deg": [
      11.054370585316478,
      -13.265603252042656,
      0.08544223689122106
    ],
    "T_base_obj": [
      [
        0.9733157224136979,
        -0.04546133370028646,
        -0.22492170113284543,
        -0.01688110743220339
      ],
      [
        0.0014514565449189815,
        0.9813789712085813,
        -0.19207604781306023,
        0.04861490859319805
      ],
      [
        0.22946546096569748,
        0.1866241731603329,
        0.9552575674738317,
        0.4100265324306645
      ],
      [
        0.0,
        0.0,
        0.0,
        1.0
      ]
    ],
    "rotation_matrix": [
      [
        0.9733157224136979,
        -0.04546133370028646,
        -0.22492170113284543
      ],
      [
        0.0014514565449189815,
        0.9813789712085813,
        -0.19207604781306023
      ],
      [
        0.22946546096569748,
        0.1866241731603329,
        0.9552575674738317
      ]
    ],
    "scale": 0.7349785076861186,
    "anisotropic_scale_xyz": [
      0.735260057638377,
      0.9554720599919542,
      0.7349785076861186
    ],
    "real_size_m": {
      "x": 0.0893917817744611,
      "y": 0.03793153864580979,
      "z": 0.054398024239439915
    },
    "confidence": 0.46403941262865633,
    "fitness": 0.3895,
    "rmse": 0.0029602060395392074,
    "depth_score": 0.4768007070260716,
    "coverage": 0.656745894909688,
    "silhouette_score": 0.22771142448467466,
    "posed_glb_opencv": "/Users/woo/Documents/GitHub/Robot-Lab/rb-multiview-calibration-pose-estimation/src/output/pose_per_object/frame_000000/object_001_posed.glb",
    "posed_glb_isaac": "/Users/woo/Documents/GitHub/Robot-Lab/rb-multiview-calibration-pose-estimation/src/output/pose_per_object/frame_000000/object_001_posed_isaac.glb"
  },
  {
    "frame_id": "000000",
    "object_name": "object_002",
    "label": "노랑 실린더",
    "coordinate_frame": "base (= cam0)",
    "unit": "meter",
    "position_m": [
      -0.06561603183393724,
      0.006154804034495208,
      0.6324062288450233
    ],
    "quaternion_xyzw": [
      0.6954717273590818,
      0.2741700892839977,
      -0.23962914271829638,
      0.6194575954383593
    ],
    "euler_xyz_deg": [
      99.15630064939243,
      42.297797126395125,
      6.557958519048475
    ],
    "T_base_obj": [
      [
        0.7348172722041981,
        0.6782352762595337,
        0.006362900874231991,
        -0.06561603183393724
      ],
      [
        0.08447490607860864,
        -0.0822060991914613,
        -0.9930287747586842,
        0.006154804034495208
      ],
      [
        -0.6729840761217101,
        0.7302322009421919,
        -0.11770032282764073,
        0.6324062288450233
      ],
      [
        0.0,
        0.0,
        0.0,
        1.0
      ]
    ],
    "rotation_matrix": [
      [
        0.7348172722041981,
        0.6782352762595337,
        0.006362900874231991
      ],
      [
        0.08447490607860864,
        -0.0822060991914613,
        -0.9930287747586842
      ],
      [
        -0.6729840761217101,
        0.7302322009421919,
        -0.11770032282764073
      ]
    ],
    "scale": 0.43525028444519803,
    "anisotropic_scale_xyz": [
      0.33789510773839493,
      0.33789510773839493,
      0.4370055098704829
    ],
    "real_size_m": {
      "x": 0.024034466783585347,
      "y": 0.024010876652808974,
      "z": 0.05340843787159458
    },
    "confidence": 0.5566776467066193,
    "fitness": 0.432,
    "rmse": 0.0020005208340974235,
    "depth_score": 0.44887300714678396,
    "coverage": 0.7055,
    "silhouette_score": 0.42957728915211596,
    "posed_glb_opencv": "/Users/woo/Documents/GitHub/Robot-Lab/rb-multiview-calibration-pose-estimation/src/output/pose_per_object/frame_000000/object_002_posed.glb",
    "posed_glb_isaac": "/Users/woo/Documents/GitHub/Robot-Lab/rb-multiview-calibration-pose-estimation/src/output/pose_per_object/frame_000000/object_002_posed_isaac.glb"
  },
  {
    "frame_id": "000000",
    "object_name": "object_003",
    "label": "곤색 직사각형",
    "coordinate_frame": "base (= cam0)",
    "unit": "meter",
    "position_m": [
      -0.16780002699449678,
      0.042526417563234255,
      0.5110981284566606
    ],
    "quaternion_xyzw": [
      0.9506100095502548,
      -0.05130326989247557,
      0.3038722762851666,
      -0.0370165361220561
    ],
    "euler_xyz_deg": [
      -172.8761633129212,
      -35.02472796964102,
      -8.428811927994692
    ],
    "T_base_obj": [
      [
        0.8100592284072224,
        -0.07504220558168842,
        0.5815261936093088,
        -0.16780002699449678
      ],
      [
        -0.1200354019480936,
        -0.9919955011037285,
        0.039197296706812615,
        0.042526417563234255
      ],
      [
        0.5739299162366912,
        -0.10155586231920782,
        -0.8125828315175917,
        0.5110981284566606
      ],
      [
        0.0,
        0.0,
        0.0,
        1.0
      ]
    ],
    "rotation_matrix": [
      [
        0.8100592284072224,
        -0.07504220558168842,
        0.5815261936093088
      ],
      [
        -0.1200354019480936,
        -0.9919955011037285,
        0.039197296706812615
      ],
      [
        0.5739299162366912,
        -0.10155586231920782,
        -0.8125828315175917
      ]
    ],
    "scale": 0.607214407085348,
    "anisotropic_scale_xyz": [
      0.7344504599411646,
      0.503553232689938,
      0.607214407085348
    ],
    "real_size_m": {
      "x": 0.08969560769363112,
      "y": 0.0273093068696372,
      "z": 0.014233267572161524
    },
    "confidence": 0.4628930220251263,
    "fitness": 0.37666666666666665,
    "rmse": 0.00220382300229383,
    "depth_score": 0.6958294136092819,
    "coverage": 0.6122943037974683,
    "silhouette_score": 0.18988643420235551,
    "posed_glb_opencv": "/Users/woo/Documents/GitHub/Robot-Lab/rb-multiview-calibration-pose-estimation/src/output/pose_per_object/frame_000000/object_003_posed.glb",
    "posed_glb_isaac": "/Users/woo/Documents/GitHub/Robot-Lab/rb-multiview-calibration-pose-estimation/src/output/pose_per_object/frame_000000/object_003_posed_isaac.glb"
  },
  {
    "frame_id": "000000",
    "object_name": "object_004",
    "label": "민트 실린더",
    "coordinate_frame": "base (= cam0)",
    "unit": "meter",
    "position_m": [
      0.015903878491645693,
      0.016074059482285203,
      0.5689435927659302
    ],
    "quaternion_xyzw": [
      0.2433316764043569,
      0.5871098379274028,
      0.7131201490995351,
      -0.2958908353014008
    ],
    "euler_xyz_deg": [
      74.50785881873664,
      -43.986613293236715,
      -169.08118311236333
    ],
    "T_base_obj": [
      [
        -0.7064766176857689,
        0.7077362753673725,
        -0.00039139799978876884,
        0.015903878491645693
      ],
      [
        -0.1362865909819114,
        -0.13550130358699636,
        0.9813589362943378,
        0.016074059482285203
      ],
      [
        0.6944902834322483,
        0.6933604843480361,
        0.19218346693420815,
        0.5689435927659302
      ],
      [
        0.0,
        0.0,
        0.0,
        1.0
      ]
    ],
    "rotation_matrix": [
      [
        -0.7064766176857689,
        0.7077362753673725,
        -0.00039139799978876884
      ],
      [
        -0.1362865909819114,
        -0.13550130358699636,
        0.9813589362943378
      ],
      [
        0.6944902834322483,
        0.6933604843480361,
        0.19218346693420815
      ]
    ],
    "scale": 0.4157849101941801,
    "anisotropic_scale_xyz": [
      0.3709032693700026,
      0.3709032693700026,
      0.438212774065169
    ],
    "real_size_m": {
      "x": 0.025012937627990253,
      "y": 0.025310479841664596,
      "z": 0.053569264168914464
    },
    "confidence": 0.5370522224427798,
    "fitness": 0.417,
    "rmse": 0.002128631694066452,
    "depth_score": 0.4380781444152975,
    "coverage": 0.6729645669291339,
    "silhouette_score": 0.41649620302790097,
    "posed_glb_opencv": "/Users/woo/Documents/GitHub/Robot-Lab/rb-multiview-calibration-pose-estimation/src/output/pose_per_object/frame_000000/object_004_posed.glb",
    "posed_glb_isaac": "/Users/woo/Documents/GitHub/Robot-Lab/rb-multiview-calibration-pose-estimation/src/output/pose_per_object/frame_000000/object_004_posed_isaac.glb"
  }
]