[
  {
    "frame_id": "000000",
    "object_name": "object_001",
    "label": "빨강 아치",
    "coordinate_frame": "base (= cam0)",
    "unit": "meter",
    "position_m": [
      -0.01822109003890254,
      0.046214484596347055,
      0.41691689599470483
    ],
    "quaternion_xyzw": [
      -0.6348758441165666,
      -0.062278447377426764,
      -0.09355548350089851,
      0.7643961205137342
    ],
    "euler_xyz_deg": [
      -79.01675454167402,
      -12.35704444905787,
      -3.7535738032594868
    ],
    "T_base_obj": [
      [
        0.9747375329983402,
        0.22210506097977298,
        0.02358142598488537,
        -0.01822109003890254
      ],
      [
        -0.06394873358372098,
        0.17636006812838043,
        0.9822462450133324,
        0.046214484596347055
      ],
      [
        0.2140030402525804,
        -0.9589402839890107,
        0.18610811509906836,
        0.41691689599470483
      ],
      [
        0.0,
        0.0,
        0.0,
        1.0
      ]
    ],
    "rotation_matrix": [
      [
        0.9747375329983402,
        0.22210506097977298,
        0.02358142598488537
      ],
      [
        -0.06394873358372098,
        0.17636006812838043,
        0.9822462450133324
      ],
      [
        0.2140030402525804,
        -0.9589402839890107,
        0.18610811509906836
      ]
    ],
    "scale": 0.7079396613458296,
    "anisotropic_scale_xyz": [
      0.7342694329249284,
      0.8002912795950743,
      0.7079396613458296
    ],
    "real_size_m": {
      "x": 0.08927991851899715,
      "y": 0.031776551332747496,
      "z": 0.05237761622856742
    },
    "confidence": 0.4664156663877256,
    "fitness": 0.37466666666666665,
    "rmse": 0.002630721568565369,
    "depth_score": 0.5937244201909959,
    "coverage": 0.6376873956594323,
    "silhouette_score": 0.21006819241368327,
    "posed_glb_opencv": "/Users/woo/Documents/GitHub/Robot-Lab/rb-multiview-calibration-pose-estimation/src/output/pose_per_object/frame_000000/object_001_posed.glb",
    "posed_glb_isaac": "/Users/woo/Documents/GitHub/Robot-Lab/rb-multiview-calibration-pose-estimation/src/output/pose_per_object/frame_000000/object_001_posed_isaac.glb"
  },
  {
    "frame_id": "000000",
    "object_name": "object_002",
    "label": "노랑 실린더",
    "coordinate_frame": "base (= cam0)",
    "unit": "meter",
    "position_m": [
      -0.06548047712651585,
      0.006754241199596674,
      0.6320433490945403
    ],
    "quaternion_xyzw": [
      0.6645238239156165,
      0.3469452901344427,
      -0.29863426045878855,
      0.5906391720689769
    ],
    "euler_xyz_deg": [
      102.10598666236643,
      53.778450182374016,
      10.564302636440708
    ],
    "T_base_obj": [
      [
        0.5808930882675193,
        0.8138770064769256,
        0.012939796411903735,
        -0.06548047712651585
      ],
      [
        0.10833663708168573,
        -0.061548668142401605,
        -0.9922071026331788,
        0.006754241199596674
      ],
      [
        -0.8067381192610489,
        0.5777681020773421,
        -0.12392589379581201,
        0.6320433490945403
      ],
      [
        0.0,
        0.0,
        0.0,
        1.0
      ]
    ],
    "rotation_matrix": [
      [
        0.5808930882675193,
        0.8138770064769256,
        0.012939796411903735
      ],
      [
        0.10833663708168573,
        -0.061548668142401605,
        -0.9922071026331788
      ],
      [
        -0.8067381192610489,
        0.5777681020773421,
        -0.12392589379581201
      ]
    ],
    "scale": 0.4355564267857249,
    "anisotropic_scale_xyz": [
      0.34441004889529214,
      0.34441004889529214,
      0.4409756093361336
    ],
    "real_size_m": {
      "x": 0.024507277453377142,
      "y": 0.024474808323250268,
      "z": 0.05390619699751397
    },
    "confidence": 0.5620122726547253,
    "fitness": 0.43866666666666665,
    "rmse": 0.0021287337369770227,
    "depth_score": 0.45395998903809265,
    "coverage": 0.7112499999999999,
    "silhouette_score": 0.4357559837208141,
    "posed_glb_opencv": "/Users/woo/Documents/GitHub/Robot-Lab/rb-multiview-calibration-pose-estimation/src/output/pose_per_object/frame_000000/object_002_posed.glb",
    "posed_glb_isaac": "/Users/woo/Documents/GitHub/Robot-Lab/rb-multiview-calibration-pose-estimation/src/output/pose_per_object/frame_000000/object_002_posed_isaac.glb"
  },
  {
    "frame_id": "000000",
    "object_name": "object_003",
    "label": "곤색 직사각형",
    "coordinate_frame": "base (= cam0)",
    "unit": "meter",
    "position_m": [
      -0.1693989907028425,
      0.04343004863313656,
      0.510742968383758
    ],
    "quaternion_xyzw": [
      -0.3075064824588017,
      -0.017789613609892983,
      0.9502185497354136,
      0.04698936722443416
    ],
    "euler_xyz_deg": [
      -4.425449372864465,
      35.642425452217466,
      172.91463353216812
    ],
    "T_base_obj": [
      [
        -0.8064635252273239,
        -0.07835949374301432,
        -0.5860685729658738,
        -0.1693989907028425
      ],
      [
        0.10024117976493206,
        -0.9949510580309155,
        -0.004908971633190475,
        0.04343004863313656
      ],
      [
        -0.5827248822190896,
        -0.06270711174579306,
        0.8102465857868508,
        0.510742968383758
      ],
      [
        0.0,
        0.0,
        0.0,
        1.0
      ]
    ],
    "rotation_matrix": [
      [
        -0.8064635252273239,
        -0.07835949374301432,
        -0.5860685729658738
      ],
      [
        0.10024117976493206,
        -0.9949510580309155,
        -0.004908971633190475
      ],
      [
        -0.5827248822190896,
        -0.06270711174579306,
        0.8102465857868508
      ]
    ],
    "scale": 0.5721828611209173,
    "anisotropic_scale_xyz": [
      0.6208330484620787,
      0.48306446520800495,
      0.5721828611209173
    ],
    "real_size_m": {
      "x": 0.0758135893968483,
      "y": 0.026187925894062474,
      "z": 0.01341909091543999
    },
    "confidence": 0.5179546476646942,
    "fitness": 0.4146666666666667,
    "rmse": 0.0021327383485667466,
    "depth_score": 0.8284817351598174,
    "coverage": 0.6694511494252874,
    "silhouette_score": 0.21187189345443094,
    "posed_glb_opencv": "/Users/woo/Documents/GitHub/Robot-Lab/rb-multiview-calibration-pose-estimation/src/output/pose_per_object/frame_000000/object_003_posed.glb",
    "posed_glb_isaac": "/Users/woo/Documents/GitHub/Robot-Lab/rb-multiview-calibration-pose-estimation/src/output/pose_per_object/frame_000000/object_003_posed_isaac.glb"
  },
  {
    "frame_id": "000000",
    "object_name": "object_004",
    "label": "민트 실린더",
    "coordinate_frame": "base (= cam0)",
    "unit": "meter",
    "position_m": [
      0.0164561080210826,
      0.017952468481937475,
      0.5697972528905046
    ],
    "quaternion_xyzw": [
      0.47217674869598564,
      0.6067619099340493,
      -0.5057961738862753,
      0.3912279810111712
    ],
    "euler_xyz_deg": [
      -126.7147275734679,
      72.2535824770774,
      144.4460721830476
    ],
    "T_base_obj": [
      [
        -0.24797956972962135,
        0.9687609635558577,
        -0.0028859118210208846,
        0.0164561080210826
      ],
      [
        0.17723449990504625,
        0.04243869694578599,
        -0.9832532171546412,
        0.017952468481937475
      ],
      [
        -0.9524148597329422,
        -0.2443381928636428,
        -0.18222179471185496,
        0.5697972528905046
      ],
      [
        0.0,
        0.0,
        0.0,
        1.0
      ]
    ],
    "rotation_matrix": [
      [
        -0.24797956972962135,
        0.9687609635558577,
        -0.0028859118210208846
      ],
      [
        0.17723449990504625,
        0.04243869694578599,
        -0.9832532171546412
      ],
      [
        -0.9524148597329422,
        -0.2443381928636428,
        -0.18222179471185496
      ]
    ],
    "scale": 0.4026563522604535,
    "anisotropic_scale_xyz": [
      0.3189782798461995,
      0.3189782798461995,
      0.444469750739324
    ],
    "real_size_m": {
      "x": 0.02150858783404912,
      "y": 0.02178390170474808,
      "z": 0.05433378662685459
    },
    "confidence": 0.541165278923514,
    "fitness": 0.43833333333333335,
    "rmse": 0.0021445211054820197,
    "depth_score": 0.4420086668366046,
    "coverage": 0.6491058282208589,
    "silhouette_score": 0.44908228629014285,
    "posed_glb_opencv": "/Users/woo/Documents/GitHub/Robot-Lab/rb-multiview-calibration-pose-estimation/src/output/pose_per_object/frame_000000/object_004_posed.glb",
    "posed_glb_isaac": "/Users/woo/Documents/GitHub/Robot-Lab/rb-multiview-calibration-pose-estimation/src/output/pose_per_object/frame_000000/object_004_posed_isaac.glb"
  }
]